timestamp,elapsed_min,cpu_perc,mem_usage_mb,mem_limit_mb,mem_perc,net_io,block_io
2025-12-12 08:54:04,0,0.06,68.64,7837.7,0.88,958kB / 1.06MB,8.8MB / 61.4kB
2025-12-12 08:54:20,0,7.92,72.84,7837.7,0.93,996kB / 1.1MB,13.3MB / 69.6kB
2025-12-12 08:54:36,0,4.21,72.98,7837.7,0.93,1.13MB / 1.24MB,13.3MB / 69.6kB
2025-12-12 08:54:52,0,3.88,73.04,7837.7,0.93,1.3MB / 1.43MB,13.3MB / 69.6kB
2025-12-12 08:55:09,1,1.31,73.11,7837.7,0.93,1.53MB / 1.68MB,13.3MB / 77.8kB
2025-12-12 08:55:24,1,5.16,73.16,7837.7,0.93,1.71MB / 1.88MB,13.3MB / 77.8kB
2025-12-12 08:55:40,1,1.21,73.22,7837.7,0.93,1.92MB / 2.12MB,13.3MB / 77.8kB
2025-12-12 08:55:56,1,3.86,73.74,7837.7,0.94,2.1MB / 2.32MB,13.3MB / 77.8kB
2025-12-12 08:56:11,2,7.24,73.28,7837.7,0.93,2.28MB / 2.52MB,13.3MB / 77.8kB
2025-12-12 08:56:26,2,2.61,73.3,7837.7,0.94,2.45MB / 2.72MB,13.3MB / 77.8kB
2025-12-12 08:56:42,2,33.04,73.71,7837.7,0.94,2.63MB / 2.92MB,13.7MB / 77.8kB
2025-12-12 08:56:58,2,1.19,73.73,7837.7,0.94,2.83MB / 3.15MB,13.7MB / 77.8kB
2025-12-12 08:57:14,3,4.31,73.73,7837.7,0.94,3.03MB / 3.36MB,13.7MB / 77.8kB
2025-12-12 08:57:29,3,6.05,73.75,7837.7,0.94,3.23MB / 3.6MB,13.7MB / 77.8kB
2025-12-12 08:57:45,3,0.76,73.77,7837.7,0.94,3.44MB / 3.83MB,13.7MB / 77.8kB
2025-12-12 08:58:00,3,2.95,73.78,7837.7,0.94,3.66MB / 4.07MB,13.7MB / 77.8kB
2025-12-12 08:58:16,4,4.65,73.79,7837.7,0.94,3.85MB / 4.29MB,13.7MB / 77.8kB
2025-12-12 08:58:33,4,4.69,73.8,7837.7,0.94,3.96MB / 4.41MB,13.7MB / 77.8kB
2025-12-12 08:58:50,4,2.63,73.8,7837.7,0.94,4.09MB / 4.56MB,13.7MB / 77.8kB
2025-12-12 08:59:06,5,4.66,73.82,7837.7,0.94,4.22MB / 4.71MB,13.7MB / 77.8kB
2025-12-12 08:59:21,5,5.91,73.83,7837.7,0.94,4.39MB / 4.9MB,13.7MB / 77.8kB
2025-12-12 08:59:40,5,3.36,73.83,7837.7,0.94,4.5MB / 5.02MB,13.7MB / 77.8kB
2025-12-12 08:59:56,5,3.68,73.84,7837.7,0.94,4.66MB / 5.2MB,13.7MB / 77.8kB
2025-12-12 09:00:12,6,4.71,73.86,7837.7,0.94,4.85MB / 5.42MB,13.7MB / 77.8kB
2025-12-12 09:00:28,6,3.04,73.88,7837.7,0.94,5.04MB / 5.63MB,13.7MB / 77.8kB
2025-12-12 09:00:44,6,0.86,73.89,7837.7,0.94,5.19MB / 5.8MB,13.7MB / 77.8kB
2025-12-12 09:00:59,6,2.37,73.91,7837.7,0.94,5.39MB / 6.02MB,13.7MB / 77.8kB
2025-12-12 09:01:16,7,6.27,73.92,7837.7,0.94,5.53MB / 6.19MB,13.7MB / 86kB
2025-12-12 09:01:31,7,1.46,73.93,7837.7,0.94,5.69MB / 6.37MB,13.7MB / 86kB
2025-12-12 09:01:48,7,1.64,73.93,7837.7,0.94,5.83MB / 6.52MB,13.7MB / 86kB
2025-12-12 09:02:03,7,1.04,73.96,7837.7,0.94,5.97MB / 6.67MB,13.7MB / 86kB
2025-12-12 09:02:19,8,2.07,73.97,7837.7,0.94,6.14MB / 6.87MB,13.7MB / 86kB
2025-12-12 09:02:34,8,0.89,73.98,7837.7,0.94,6.28MB / 7.03MB,13.7MB / 86kB
2025-12-12 09:02:50,8,0.80,73.99,7837.7,0.94,6.46MB / 7.23MB,13.7MB / 86kB
2025-12-12 09:03:06,9,8.29,74,7837.7,0.94,6.64MB / 7.43MB,13.7MB / 86kB
2025-12-12 09:03:22,9,1.73,74.01,7837.7,0.94,6.82MB / 7.63MB,13.7MB / 86kB
2025-12-12 09:03:37,9,3.54,74.03,7837.7,0.94,6.99MB / 7.83MB,13.7MB / 86kB
2025-12-12 09:03:53,9,1.25,74.04,7837.7,0.94,7.14MB / 7.99MB,13.7MB / 94.2kB
2025-12-12 09:04:10,10,2.10,74.06,7837.7,0.94,7.32MB / 8.19MB,13.7MB / 102kB
2025-12-12 09:04:25,10,1.17,74.07,7837.7,0.95,7.48MB / 8.37MB,13.7MB / 102kB
2025-12-12 09:04:42,10,2.58,74.09,7837.7,0.95,7.64MB / 8.56MB,13.7MB / 102kB
2025-12-12 09:04:59,10,11.53,74.09,7837.7,0.95,7.76MB / 8.69MB,13.7MB / 102kB
2025-12-12 09:05:16,11,0.52,74.15,7837.7,0.95,7.84MB / 8.79MB,13.8MB / 102kB
2025-12-12 09:05:32,11,0.39,74.16,7837.7,0.95,7.94MB / 8.9MB,13.8MB / 102kB
2025-12-12 09:05:49,11,0.65,74.16,7837.7,0.95,8.04MB / 9MB,13.8MB / 102kB
2025-12-12 09:06:06,12,3.21,74.18,7837.7,0.95,8.13MB / 9.11MB,13.8MB / 102kB
2025-12-12 09:06:22,12,7.63,74.19,7837.7,0.95,8.25MB / 9.25MB,13.8MB / 111kB
2025-12-12 09:06:38,12,5.02,74.2,7837.7,0.95,8.38MB / 9.4MB,13.8MB / 111kB
2025-12-12 09:06:53,12,4.91,74.2,7837.7,0.95,8.55MB / 9.59MB,13.8MB / 111kB
2025-12-12 09:07:10,13,3.43,74.21,7837.7,0.95,8.73MB / 9.79MB,13.8MB / 111kB
2025-12-12 09:07:26,13,2.56,74.22,7837.7,0.95,8.89MB / 9.96MB,13.8MB / 111kB
2025-12-12 09:07:43,13,6.31,74.23,7837.7,0.95,9.01MB / 10.1MB,13.8MB / 111kB
2025-12-12 09:08:00,13,0.25,74.23,7837.7,0.95,9.13MB / 10.2MB,13.8MB / 111kB
2025-12-12 09:08:16,14,7.03,74.23,7837.7,0.95,9.25MB / 10.4MB,13.8MB / 111kB
2025-12-12 09:08:33,14,6.68,74.24,7837.7,0.95,9.37MB / 10.5MB,13.8MB / 111kB
2025-12-12 09:08:49,14,0.16,74.25,7837.7,0.95,9.49MB / 10.6MB,13.8MB / 111kB
2025-12-12 09:09:06,15,4.23,74.25,7837.7,0.95,9.64MB / 10.8MB,13.8MB / 111kB
2025-12-12 09:09:23,15,2.32,74.26,7837.7,0.95,9.8MB / 11MB,13.8MB / 111kB
2025-12-12 09:09:39,15,3.19,74.27,7837.7,0.95,9.96MB / 11.2MB,13.8MB / 111kB
2025-12-12 09:09:55,15,5.05,74.27,7837.7,0.95,10.1MB / 11.3MB,13.8MB / 111kB
2025-12-12 09:10:10,16,1.35,74.28,7837.7,0.95,10.2MB / 11.5MB,13.8MB / 111kB
2025-12-12 09:10:26,16,4.39,74.29,7837.7,0.95,10.4MB / 11.7MB,13.8MB / 119kB
2025-12-12 09:10:43,16,1.44,74.3,7837.7,0.95,10.5MB / 11.8MB,13.8MB / 119kB
2025-12-12 09:11:00,16,3.13,74.31,7837.7,0.95,10.6MB / 12MB,13.8MB / 119kB
2025-12-12 09:11:17,17,3.53,74.31,7837.7,0.95,10.8MB / 12.1MB,13.8MB / 119kB
2025-12-12 09:11:33,17,5.78,74.32,7837.7,0.95,10.9MB / 12.2MB,13.8MB / 119kB
2025-12-12 09:11:49,17,1.14,74.33,7837.7,0.95,11MB / 12.4MB,13.8MB / 119kB
2025-12-12 09:12:07,18,6.56,74.34,7837.7,0.95,11.2MB / 12.5MB,13.8MB / 119kB
2025-12-12 09:12:23,18,3.21,74.35,7837.7,0.95,11.3MB / 12.7MB,13.8MB / 119kB
2025-12-12 09:12:39,18,3.20,74.35,7837.7,0.95,11.5MB / 12.9MB,13.8MB / 119kB
2025-12-12 09:12:57,18,7.73,74.36,7837.7,0.95,11.6MB / 13MB,13.8MB / 119kB
2025-12-12 09:13:12,19,2.71,74.36,7837.7,0.95,11.7MB / 13.1MB,13.8MB / 119kB
2025-12-12 09:13:29,19,0.10,74.37,7837.7,0.95,11.8MB / 13.3MB,13.8MB / 119kB
2025-12-12 09:13:45,19,7.86,74.38,7837.7,0.95,11.9MB / 13.4MB,13.8MB / 119kB
2025-12-12 09:14:02,19,1.42,74.38,7837.7,0.95,12.1MB / 13.6MB,13.8MB / 119kB
2025-12-12 09:14:18,20,2.26,74.39,7837.7,0.95,12.2MB / 13.8MB,13.8MB / 119kB
2025-12-12 09:14:34,20,1.23,74.39,7837.7,0.95,12.4MB / 13.9MB,13.8MB / 119kB
2025-12-12 09:14:49,20,3.51,74.4,7837.7,0.95,12.6MB / 14.1MB,13.8MB / 119kB
2025-12-12 09:15:04,21,8.68,74.41,7837.7,0.95,12.7MB / 14.3MB,13.8MB / 119kB
2025-12-12 09:15:20,21,1.54,74.43,7837.7,0.95,12.9MB / 14.5MB,13.8MB / 119kB
2025-12-12 09:15:36,21,0.81,74.44,7837.7,0.95,13.1MB / 14.7MB,13.8MB / 119kB
2025-12-12 09:15:51,21,2.22,74.45,7837.7,0.95,13.3MB / 14.9MB,13.8MB / 119kB
2025-12-12 09:16:08,22,3.32,74.46,7837.7,0.95,13.4MB / 15.1MB,13.8MB / 119kB
2025-12-12 09:16:23,22,1.82,74.47,7837.7,0.95,13.6MB / 15.3MB,13.8MB / 119kB
2025-12-12 09:16:39,22,4.40,74.48,7837.7,0.95,13.8MB / 15.5MB,13.8MB / 119kB
2025-12-12 09:16:54,22,1.29,74.48,7837.7,0.95,13.9MB / 15.7MB,13.8MB / 119kB
2025-12-12 09:17:09,23,2.77,74.5,7837.7,0.95,14.1MB / 15.9MB,13.8MB / 119kB
2025-12-12 09:17:26,23,2.53,74.5,7837.7,0.95,14.3MB / 16.1MB,13.8MB / 119kB
2025-12-12 09:17:41,23,3.06,74.51,7837.7,0.95,14.5MB / 16.3MB,13.8MB / 119kB
2025-12-12 09:17:57,23,4.25,74.52,7837.7,0.95,14.7MB / 16.5MB,13.8MB / 119kB
2025-12-12 09:18:13,24,2.50,74.52,7837.7,0.95,14.8MB / 16.6MB,13.8MB / 119kB
2025-12-12 09:18:29,24,1.51,74.54,7837.7,0.95,15MB / 16.8MB,13.8MB / 119kB
2025-12-12 09:18:45,24,0.10,74.55,7837.7,0.95,15.1MB / 17MB,13.8MB / 119kB
2025-12-12 09:19:01,24,0.13,74.56,7837.7,0.95,15.3MB / 17.1MB,13.8MB / 119kB
2025-12-12 09:19:17,25,2.07,74.56,7837.7,0.95,15.4MB / 17.3MB,13.8MB / 119kB
2025-12-12 09:19:34,25,1.45,74.57,7837.7,0.95,15.5MB / 17.5MB,13.8MB / 119kB
2025-12-12 09:19:51,25,1.89,74.58,7837.7,0.95,15.7MB / 17.6MB,13.8MB / 119kB
2025-12-12 09:20:07,26,0.30,74.58,7837.7,0.95,15.8MB / 17.8MB,13.8MB / 119kB
2025-12-12 09:20:23,26,9.76,74.61,7837.7,0.95,16MB / 17.9MB,13.8MB / 119kB
2025-12-12 09:20:38,26,6.31,74.61,7837.7,0.95,16.1MB / 18.1MB,13.8MB / 119kB
2025-12-12 09:20:55,26,2.53,74.61,7837.7,0.95,16.3MB / 18.3MB,13.8MB / 119kB
2025-12-12 09:21:10,27,3.46,74.62,7837.7,0.95,16.4MB / 18.4MB,13.8MB / 119kB
2025-12-12 09:21:27,27,6.66,74.63,7837.7,0.95,16.5MB / 18.6MB,13.8MB / 119kB
2025-12-12 09:21:42,27,0.84,74.64,7837.7,0.95,16.7MB / 18.7MB,13.8MB / 119kB
2025-12-12 09:21:58,27,4.93,74.64,7837.7,0.95,16.8MB / 18.9MB,13.8MB / 119kB
2025-12-12 09:22:14,28,2.75,74.65,7837.7,0.95,17MB / 19.1MB,13.8MB / 119kB
2025-12-12 09:22:29,28,2.02,74.66,7837.7,0.95,17.1MB / 19.2MB,13.8MB / 119kB
2025-12-12 09:22:45,28,1.84,74.66,7837.7,0.95,17.2MB / 19.4MB,13.8MB / 119kB
2025-12-12 09:23:01,28,0.83,74.67,7837.7,0.95,17.4MB / 19.6MB,13.8MB / 119kB
2025-12-12 09:23:18,29,1.99,74.68,7837.7,0.95,17.5MB / 19.7MB,13.8MB / 119kB
2025-12-12 09:23:34,29,3.42,74.68,7837.7,0.95,17.7MB / 19.9MB,13.8MB / 119kB
2025-12-12 09:23:49,29,2.93,74.69,7837.7,0.95,17.8MB / 20MB,13.8MB / 119kB
2025-12-12 09:24:07,30,2.06,74.7,7837.7,0.95,17.9MB / 20.2MB,13.8MB / 119kB
2025-12-12 09:24:23,30,1.84,74.7,7837.7,0.95,18.1MB / 20.3MB,13.8MB / 119kB
2025-12-12 09:24:38,30,1.64,74.71,7837.7,0.95,18.2MB / 20.5MB,13.8MB / 119kB
2025-12-12 09:24:55,30,0.78,74.71,7837.7,0.95,18.3MB / 20.6MB,13.8MB / 119kB
2025-12-12 09:25:11,31,4.79,74.72,7837.7,0.95,18.5MB / 20.8MB,13.8MB / 119kB
2025-12-12 09:25:28,31,5.36,74.73,7837.7,0.95,18.6MB / 20.9MB,13.8MB / 119kB
2025-12-12 09:25:44,31,4.56,74.73,7837.7,0.95,18.8MB / 21.1MB,13.8MB / 119kB
2025-12-12 09:26:02,31,2.78,74.74,7837.7,0.95,18.9MB / 21.3MB,13.8MB / 119kB
2025-12-12 09:26:21,32,7.90,74.75,7837.7,0.95,19MB / 21.4MB,13.8MB / 119kB
2025-12-12 09:26:39,32,1.92,74.76,7837.7,0.95,19.1MB / 21.5MB,13.8MB / 119kB
2025-12-12 09:26:57,32,2.51,74.76,7837.7,0.95,19.2MB / 21.6MB,13.8MB / 119kB
2025-12-12 09:27:15,33,0.78,74.77,7837.7,0.95,19.3MB / 21.7MB,13.8MB / 119kB
2025-12-12 09:27:32,33,1.86,74.77,7837.7,0.95,19.4MB / 21.8MB,13.8MB / 127kB
2025-12-12 09:27:50,33,1.82,74.78,7837.7,0.95,19.5MB / 21.9MB,13.8MB / 127kB
2025-12-12 09:28:07,34,0.17,74.79,7837.7,0.95,19.6MB / 22.1MB,13.8MB / 127kB
2025-12-12 09:28:23,34,2.92,74.79,7837.7,0.95,19.7MB / 22.2MB,13.8MB / 127kB
2025-12-12 09:28:40,34,4.44,74.8,7837.7,0.95,19.9MB / 22.3MB,13.8MB / 127kB
2025-12-12 09:28:57,34,2.96,74.8,7837.7,0.95,20MB / 22.5MB,13.8MB / 127kB
2025-12-12 09:29:12,35,4.92,74.81,7837.7,0.95,20.1MB / 22.6MB,13.8MB / 127kB
2025-12-12 09:29:33,35,0.21,74.81,7837.7,0.95,20.2MB / 22.8MB,13.8MB / 127kB
2025-12-12 09:29:50,35,4.10,74.82,7837.7,0.95,20.4MB / 22.9MB,13.8MB / 127kB
2025-12-12 09:30:07,36,1.34,74.82,7837.7,0.95,20.5MB / 23.1MB,13.8MB / 127kB
2025-12-12 09:30:23,36,0.97,74.83,7837.7,0.95,20.6MB / 23.2MB,13.8MB / 127kB
2025-12-12 09:30:39,36,2.84,74.84,7837.7,0.95,20.8MB / 23.4MB,13.8MB / 127kB
2025-12-12 09:30:55,36,5.75,74.84,7837.7,0.95,20.9MB / 23.5MB,13.8MB / 127kB
2025-12-12 09:31:10,37,3.24,74.85,7837.7,0.96,21MB / 23.7MB,13.8MB / 127kB
2025-12-12 09:31:27,37,6.60,74.86,7837.7,0.96,21.2MB / 23.8MB,13.8MB / 127kB
2025-12-12 09:31:43,37,2.52,74.86,7837.7,0.96,21.3MB / 24MB,13.8MB / 127kB
2025-12-12 09:31:59,37,1.06,74.87,7837.7,0.96,21.4MB / 24.1MB,13.8MB / 127kB
2025-12-12 09:32:15,38,3.24,74.88,7837.7,0.96,21.6MB / 24.3MB,13.8MB / 127kB
2025-12-12 09:32:31,38,2.70,74.88,7837.7,0.96,21.7MB / 24.4MB,13.8MB / 127kB
2025-12-12 09:32:47,38,2.92,74.89,7837.7,0.96,21.9MB / 24.6MB,13.8MB / 127kB
2025-12-12 09:33:03,38,7.40,74.89,7837.7,0.96,22MB / 24.8MB,13.8MB / 127kB
2025-12-12 09:33:18,39,6.33,74.9,7837.7,0.96,22.2MB / 25MB,13.8MB / 127kB
2025-12-12 09:33:34,39,0.93,74.91,7837.7,0.96,22.3MB / 25.1MB,13.8MB / 127kB
2025-12-12 09:33:51,39,2.09,74.92,7837.7,0.96,22.5MB / 25.3MB,13.8MB / 127kB
2025-12-12 09:34:08,40,2.35,74.93,7837.7,0.96,22.6MB / 25.5MB,13.8MB / 127kB
2025-12-12 09:34:23,40,10.15,74.93,7837.7,0.96,22.8MB / 25.6MB,13.8MB / 127kB
2025-12-12 09:34:39,40,2.38,74.94,7837.7,0.96,22.9MB / 25.8MB,13.8MB / 127kB
2025-12-12 09:34:54,40,1.56,74.95,7837.7,0.96,23MB / 25.9MB,13.8MB / 127kB
2025-12-12 09:35:11,41,1.43,74.95,7837.7,0.96,23.2MB / 26.1MB,13.8MB / 127kB
2025-12-12 09:35:26,41,1.29,74.96,7837.7,0.96,23.3MB / 26.3MB,13.8MB / 127kB
2025-12-12 09:35:43,41,3.45,74.96,7837.7,0.96,23.5MB / 26.4MB,13.8MB / 127kB
2025-12-12 09:35:59,41,3.33,74.97,7837.7,0.96,23.6MB / 26.5MB,13.8MB / 127kB
2025-12-12 09:36:14,42,2.31,74.98,7837.7,0.96,23.7MB / 26.7MB,13.8MB / 127kB
2025-12-12 09:36:30,42,7.52,74.98,7837.7,0.96,23.9MB / 26.9MB,13.8MB / 127kB
2025-12-12 09:36:46,42,0.23,74.99,7837.7,0.96,24MB / 27.1MB,13.8MB / 127kB
2025-12-12 09:37:02,42,3.99,75,7837.7,0.96,24.2MB / 27.2MB,13.8MB / 127kB
2025-12-12 09:37:18,43,2.96,75.02,7837.7,0.96,24.3MB / 27.4MB,13.8MB / 127kB
2025-12-12 09:37:33,43,1.64,75.01,7837.7,0.96,24.4MB / 27.5MB,13.8MB / 127kB
2025-12-12 09:37:50,43,2.99,75.02,7837.7,0.96,24.6MB / 27.6MB,13.8MB / 127kB
2025-12-12 09:38:05,44,2.91,75.02,7837.7,0.96,24.7MB / 27.8MB,13.8MB / 127kB
2025-12-12 09:38:21,44,1.48,75.03,7837.7,0.96,24.8MB / 28MB,13.8MB / 127kB
2025-12-12 09:38:37,44,1.99,75.04,7837.7,0.96,25MB / 28.1MB,13.8MB / 127kB
2025-12-12 09:38:52,44,1.67,75.04,7837.7,0.96,25.1MB / 28.3MB,13.8MB / 127kB
2025-12-12 09:39:10,45,6.43,75.05,7837.7,0.96,25.3MB / 28.4MB,13.8MB / 127kB
2025-12-12 09:39:25,45,3.85,75.06,7837.7,0.96,25.4MB / 28.6MB,13.8MB / 127kB
2025-12-12 09:39:41,45,2.31,75.06,7837.7,0.96,25.6MB / 28.8MB,13.8MB / 127kB
2025-12-12 09:39:57,45,6.20,75.32,7837.7,0.96,25.7MB / 28.9MB,13.8MB / 127kB
2025-12-12 09:40:13,46,1.24,75.07,7837.7,0.96,25.9MB / 29.1MB,13.8MB / 127kB
2025-12-12 09:40:29,46,1.12,75.08,7837.7,0.96,26MB / 29.3MB,13.8MB / 127kB
2025-12-12 09:40:44,46,1.28,75.09,7837.7,0.96,26.2MB / 29.4MB,13.8MB / 127kB
2025-12-12 09:40:59,46,1.51,75.1,7837.7,0.96,26.3MB / 29.6MB,13.8MB / 127kB
2025-12-12 09:41:14,47,3.04,75.37,7837.7,0.96,26.5MB / 29.8MB,13.8MB / 127kB
2025-12-12 09:41:30,47,0.66,75.11,7837.7,0.96,26.6MB / 30MB,13.8MB / 127kB
2025-12-12 09:41:46,47,1.58,75.12,7837.7,0.96,26.8MB / 30.1MB,13.8MB / 127kB
2025-12-12 09:42:02,47,0.94,75.12,7837.7,0.96,26.9MB / 30.3MB,13.8MB / 127kB
2025-12-12 09:42:18,48,8.26,75.14,7837.7,0.96,27.1MB / 30.5MB,13.8MB / 127kB
2025-12-12 09:42:35,48,28.46,75.14,7837.7,0.96,27.2MB / 30.6MB,13.8MB / 127kB
2025-12-12 09:42:57,48,2.40,75.14,7837.7,0.96,27.3MB / 30.7MB,13.8MB / 127kB
2025-12-12 09:43:13,49,1.39,75.14,7837.7,0.96,27.4MB / 30.8MB,13.8MB / 127kB
2025-12-12 09:43:29,49,4.58,75.15,7837.7,0.96,27.5MB / 31MB,13.8MB / 127kB
2025-12-12 09:43:47,49,5.08,74.89,7837.7,0.96,27.7MB / 31.1MB,13.8MB / 127kB
2025-12-12 09:44:03,49,1.01,74.9,7837.7,0.96,27.9MB / 31.4MB,13.8MB / 127kB
2025-12-12 09:44:18,50,1.12,74.91,7837.7,0.96,28.1MB / 31.6MB,13.8MB / 127kB
2025-12-12 09:44:34,50,1.97,74.92,7837.7,0.96,28.3MB / 31.8MB,13.8MB / 127kB
2025-12-12 09:44:52,50,2.84,74.93,7837.7,0.96,28.4MB / 32MB,13.8MB / 127kB
2025-12-12 09:45:11,51,8.80,74.93,7837.7,0.96,28.5MB / 32MB,13.8MB / 127kB
2025-12-12 09:45:27,51,0.62,74.93,7837.7,0.96,28.6MB / 32.2MB,13.8MB / 127kB
2025-12-12 09:45:44,51,8.05,74.94,7837.7,0.96,28.7MB / 32.4MB,13.8MB / 135kB
2025-12-12 09:46:01,51,3.11,74.95,7837.7,0.96,28.9MB / 32.5MB,13.8MB / 135kB
2025-12-12 09:46:18,52,3.58,74.96,7837.7,0.96,29.1MB / 32.7MB,13.8MB / 135kB
2025-12-12 09:46:33,52,2.29,74.96,7837.7,0.96,29.2MB / 32.9MB,13.8MB / 135kB
2025-12-12 09:46:50,52,7.67,74.97,7837.7,0.96,29.3MB / 33MB,13.8MB / 143kB
2025-12-12 09:47:07,53,2.55,74.98,7837.7,0.96,29.5MB / 33.2MB,13.8MB / 143kB
2025-12-12 09:47:23,53,3.44,74.98,7837.7,0.96,29.7MB / 33.4MB,13.8MB / 143kB
2025-12-12 09:47:39,53,0.92,74.99,7837.7,0.96,29.8MB / 33.6MB,13.8MB / 152kB
2025-12-12 09:47:56,53,3.49,75,7837.7,0.96,30MB / 33.8MB,13.8MB / 152kB
2025-12-12 09:48:12,54,5.12,75.01,7837.7,0.96,30.2MB / 33.9MB,13.8MB / 152kB
2025-12-12 09:48:29,54,2.24,75.01,7837.7,0.96,30.3MB / 34.1MB,13.8MB / 152kB
2025-12-12 09:48:44,54,1.05,75.02,7837.7,0.96,30.5MB / 34.4MB,13.8MB / 152kB
2025-12-12 09:49:00,54,1.00,75.04,7837.7,0.96,30.7MB / 34.6MB,13.8MB / 152kB
2025-12-12 09:49:15,55,0.96,75.05,7837.7,0.96,31MB / 34.9MB,13.8MB / 152kB
2025-12-12 09:49:30,55,3.01,75.06,7837.7,0.96,31.2MB / 35.1MB,13.8MB / 152kB
2025-12-12 09:49:46,55,3.82,75.08,7837.7,0.96,31.4MB / 35.4MB,13.8MB / 152kB
2025-12-12 09:50:03,55,1.67,75.08,7837.7,0.96,31.7MB / 35.7MB,13.8MB / 152kB
2025-12-12 09:50:19,56,1.22,75.09,7837.7,0.96,31.9MB / 35.9MB,13.8MB / 152kB
2025-12-12 09:50:34,56,1.15,75.1,7837.7,0.96,32.1MB / 36.2MB,13.8MB / 152kB
2025-12-12 09:50:49,56,2.66,75.11,7837.7,0.96,32.4MB / 36.4MB,13.8MB / 152kB
2025-12-12 09:51:04,57,1.91,75.12,7837.7,0.96,32.6MB / 36.7MB,13.8MB / 152kB
2025-12-12 09:51:19,57,1.69,75.14,7837.7,0.96,32.8MB / 36.9MB,13.8MB / 152kB
2025-12-12 09:51:36,57,0.89,75.15,7837.7,0.96,33MB / 37.1MB,13.8MB / 152kB
2025-12-12 09:51:51,57,3.01,75.16,7837.7,0.96,33.2MB / 37.4MB,13.8MB / 152kB
2025-12-12 09:52:07,58,3.90,75.17,7837.7,0.96,33.3MB / 37.5MB,13.8MB / 152kB
2025-12-12 09:52:22,58,1.31,75.18,7837.7,0.96,33.5MB / 37.8MB,13.8MB / 152kB
2025-12-12 09:52:38,58,2.10,75.18,7837.7,0.96,33.8MB / 38MB,13.8MB / 152kB
2025-12-12 09:52:53,58,3.59,75.19,7837.7,0.96,34MB / 38.2MB,13.8MB / 152kB
2025-12-12 09:53:09,59,4.08,75.2,7837.7,0.96,34.1MB / 38.4MB,13.8MB / 152kB
2025-12-12 09:53:25,59,1.56,75.21,7837.7,0.96,34.3MB / 38.6MB,13.8MB / 152kB
2025-12-12 09:53:40,59,6.60,75.21,7837.7,0.96,34.5MB / 38.8MB,13.8MB / 152kB
2025-12-12 09:53:57,59,2.57,75.22,7837.7,0.96,34.7MB / 39MB,13.8MB / 152kB
2025-12-12 09:54:13,60,2.95,75.23,7837.7,0.96,34.8MB / 39.2MB,13.8MB / 152kB
2025-12-12 09:54:29,60,1.81,75.24,7837.7,0.96,35MB / 39.4MB,13.8MB / 152kB
2025-12-12 09:54:46,60,2.12,75.25,7837.7,0.96,35.2MB / 39.6MB,13.8MB / 152kB
2025-12-12 09:55:01,60,0.14,75.25,7837.7,0.96,35.3MB / 39.8MB,13.8MB / 152kB
2025-12-12 09:55:17,61,1.93,75.26,7837.7,0.96,35.5MB / 39.9MB,13.8MB / 152kB
2025-12-12 09:55:33,61,9.27,75.27,7837.7,0.96,35.6MB / 40.1MB,13.8MB / 152kB
2025-12-12 09:55:49,61,1.57,75.29,7837.7,0.96,35.9MB / 40.4MB,13.8MB / 152kB
2025-12-12 09:56:05,62,1.46,75.29,7837.7,0.96,36.1MB / 40.6MB,13.8MB / 152kB
2025-12-12 09:56:20,62,0.26,75.3,7837.7,0.96,36.2MB / 40.8MB,13.8MB / 152kB
2025-12-12 09:56:38,62,1.88,75.3,7837.7,0.96,36.4MB / 41MB,13.8MB / 152kB
2025-12-12 09:56:53,62,3.63,75.31,7837.7,0.96,36.5MB / 41.2MB,13.8MB / 152kB
2025-12-12 09:57:09,63,1.93,75.32,7837.7,0.96,36.7MB / 41.3MB,13.8MB / 152kB
2025-12-12 09:57:24,63,6.19,75.33,7837.7,0.96,36.8MB / 41.5MB,13.8MB / 152kB
2025-12-12 09:57:41,63,2.85,75.33,7837.7,0.96,36.9MB / 41.6MB,13.8MB / 152kB
2025-12-12 09:57:57,63,2.42,75.36,7837.7,0.96,37.1MB / 41.8MB,13.8MB / 152kB
2025-12-12 09:58:12,64,1.85,75.83,7837.7,0.97,37.2MB / 41.9MB,13.8MB / 152kB
2025-12-12 09:58:28,64,4.01,75.36,7837.7,0.96,37.4MB / 42.2MB,13.8MB / 152kB
2025-12-12 09:58:43,64,1.11,75.36,7837.7,0.96,37.6MB / 42.3MB,13.8MB / 152kB
2025-12-12 09:58:59,64,3.76,75.37,7837.7,0.96,37.8MB / 42.5MB,13.8MB / 152kB
2025-12-12 09:59:14,65,5.39,75.38,7837.7,0.96,37.9MB / 42.7MB,13.8MB / 152kB
2025-12-12 09:59:31,65,6.14,75.38,7837.7,0.96,38.1MB / 42.9MB,13.8MB / 152kB
2025-12-12 09:59:47,65,7.84,75.39,7837.7,0.96,38.2MB / 43MB,13.8MB / 152kB
2025-12-12 10:00:03,65,1.32,75.39,7837.7,0.96,38.3MB / 43.1MB,13.8MB / 152kB
2025-12-12 10:00:19,66,1.36,75.41,7837.7,0.96,38.5MB / 43.4MB,13.8MB / 152kB
2025-12-12 10:00:34,66,1.20,75.41,7837.7,0.96,38.7MB / 43.5MB,13.8MB / 152kB
2025-12-12 10:00:49,66,1.47,75.42,7837.7,0.96,38.8MB / 43.7MB,13.8MB / 152kB
2025-12-12 10:01:04,67,1.22,75.69,7837.7,0.97,39.1MB / 44MB,13.8MB / 152kB
2025-12-12 10:01:19,67,1.84,75.44,7837.7,0.96,39.3MB / 44.2MB,13.8MB / 152kB
2025-12-12 10:01:35,67,1.73,75.45,7837.7,0.96,39.5MB / 44.5MB,13.8MB / 152kB
2025-12-12 10:01:50,67,3.95,75.46,7837.7,0.96,39.7MB / 44.7MB,13.8MB / 152kB
2025-12-12 10:02:06,68,1.31,75.47,7837.7,0.96,39.9MB / 44.9MB,13.8MB / 152kB
2025-12-12 10:02:21,68,1.29,75.48,7837.7,0.96,40.1MB / 45.1MB,13.8MB / 152kB
2025-12-12 10:02:39,68,1.69,75.5,7837.7,0.96,40.3MB / 45.4MB,13.8MB / 152kB
2025-12-12 10:02:54,68,1.90,75.5,7837.7,0.96,40.5MB / 45.6MB,13.8MB / 152kB
2025-12-12 10:03:09,69,1.76,75.51,7837.7,0.96,40.7MB / 45.9MB,13.8MB / 152kB
2025-12-12 10:03:24,69,5.85,75.52,7837.7,0.96,40.9MB / 46.1MB,13.8MB / 152kB
2025-12-12 10:03:40,69,3.88,75.53,7837.7,0.96,41.1MB / 46.3MB,13.8MB / 152kB
2025-12-12 10:03:55,69,2.32,75.55,7837.7,0.96,41.3MB / 46.5MB,13.8MB / 152kB
2025-12-12 10:04:10,70,0.94,75.55,7837.7,0.96,41.5MB / 46.8MB,13.8MB / 152kB
2025-12-12 10:04:26,70,4.36,75.9,7837.7,0.97,41.7MB / 47MB,13.8MB / 393kB
2025-12-12 10:04:42,70,1.20,75.66,7837.7,0.97,42MB / 47.3MB,13.8MB / 446kB
2025-12-12 10:04:58,70,1.03,75.4,7837.7,0.96,42.2MB / 47.5MB,13.8MB / 475kB
2025-12-12 10:05:13,71,1.17,75.57,7837.7,0.96,42.3MB / 47.7MB,13.8MB / 1.02MB
2025-12-12 10:05:31,71,2.64,75.57,7837.7,0.96,42.5MB / 47.9MB,13.8MB / 1.02MB
2025-12-12 10:05:47,71,1.02,75.21,7837.7,0.96,42.7MB / 48.1MB,13.8MB / 1.02MB
2025-12-12 10:06:02,71,1.92,75.23,7837.7,0.96,42.9MB / 48.3MB,13.8MB / 1.04MB
2025-12-12 10:06:19,72,3.85,75.21,7837.7,0.96,43.1MB / 48.5MB,13.8MB / 1.07MB
2025-12-12 10:06:34,72,4.03,75.22,7837.7,0.96,43.3MB / 48.7MB,13.8MB / 1.07MB
2025-12-12 10:06:49,72,1.83,75.2,7837.7,0.96,43.5MB / 49MB,13.8MB / 1.08MB
2025-12-12 10:07:04,73,5.38,75.2,7837.7,0.96,43.7MB / 49.2MB,13.8MB / 1.24MB
2025-12-12 10:07:20,73,1.46,70.86,7837.7,0.90,43.9MB / 49.4MB,13.8MB / 1.31MB
2025-12-12 10:07:35,73,1.02,70.88,7837.7,0.90,44.1MB / 49.6MB,13.8MB / 1.31MB
2025-12-12 10:07:50,73,1.44,70.89,7837.7,0.90,44.3MB / 49.9MB,13.8MB / 1.31MB
2025-12-12 10:08:06,74,0.69,70.89,7837.7,0.90,44.4MB / 50MB,13.8MB / 1.31MB
2025-12-12 10:08:23,74,1.36,70.89,7837.7,0.90,44.5MB / 50.1MB,13.8MB / 1.31MB
2025-12-12 10:08:40,74,2.98,70.9,7837.7,0.90,44.7MB / 50.4MB,13.8MB / 1.31MB
2025-12-12 10:08:56,74,3.83,70.91,7837.7,0.90,44.9MB / 50.6MB,13.8MB / 1.31MB
2025-12-12 10:09:11,75,2.19,70.92,7837.7,0.90,45.1MB / 50.8MB,13.8MB / 1.31MB
2025-12-12 10:09:27,75,1.76,70.93,7837.7,0.91,45.3MB / 51MB,13.8MB / 1.31MB
2025-12-12 10:09:42,75,2.05,70.95,7837.7,0.91,45.6MB / 51.3MB,13.8MB / 1.31MB
2025-12-12 10:09:58,75,1.01,70.96,7837.7,0.91,45.8MB / 51.6MB,13.8MB / 1.31MB
2025-12-12 10:10:13,76,1.81,70.97,7837.7,0.91,46MB / 51.8MB,13.8MB / 1.31MB
2025-12-12 10:10:29,76,1.45,70.98,7837.7,0.91,46.2MB / 52.1MB,13.8MB / 1.31MB
2025-12-12 10:10:44,76,1.76,70.99,7837.7,0.91,46.4MB / 52.3MB,13.8MB / 1.31MB
2025-12-12 10:10:59,76,3.01,71.01,7837.7,0.91,46.6MB / 52.5MB,13.8MB / 1.31MB
2025-12-12 10:11:15,77,2.63,71,7837.7,0.91,46.8MB / 52.7MB,13.8MB / 1.31MB
2025-12-12 10:11:30,77,4.43,71.02,7837.7,0.91,47MB / 52.9MB,13.8MB / 1.31MB
2025-12-12 10:11:45,77,2.12,71.02,7837.7,0.91,47.2MB / 53.1MB,13.8MB / 1.31MB
2025-12-12 10:12:01,77,1.46,71.03,7837.7,0.91,47.4MB / 53.3MB,13.8MB / 1.31MB
2025-12-12 10:12:17,78,1.59,71.04,7837.7,0.91,47.6MB / 53.6MB,13.8MB / 1.31MB
2025-12-12 10:12:32,78,1.01,71.05,7837.7,0.91,47.8MB / 53.8MB,13.8MB / 1.31MB
2025-12-12 10:12:48,78,2.40,71.06,7837.7,0.91,48MB / 54.1MB,13.8MB / 1.31MB
2025-12-12 10:13:04,79,1.19,71.07,7837.7,0.91,48.2MB / 54.3MB,13.8MB / 1.31MB
2025-12-12 10:13:19,79,3.05,71.08,7837.7,0.91,48.4MB / 54.5MB,13.8MB / 1.31MB
2025-12-12 10:13:34,79,1.81,71.09,7837.7,0.91,48.5MB / 54.6MB,13.8MB / 1.31MB
2025-12-12 10:13:51,79,2.47,71.09,7837.7,0.91,48.7MB / 54.9MB,13.8MB / 1.31MB
2025-12-12 10:14:07,80,1.77,71.11,7837.7,0.91,49MB / 55.1MB,13.8MB / 1.31MB
2025-12-12 10:14:23,80,0.21,71.11,7837.7,0.91,49.1MB / 55.3MB,13.8MB / 1.31MB
2025-12-12 10:14:39,80,1.50,71.12,7837.7,0.91,49.3MB / 55.5MB,13.8MB / 1.31MB
2025-12-12 10:14:54,80,1.54,71.13,7837.7,0.91,49.5MB / 55.8MB,13.8MB / 1.31MB
2025-12-12 10:15:09,81,2.59,71.14,7837.7,0.91,49.7MB / 56MB,13.8MB / 1.31MB
2025-12-12 10:15:25,81,1.52,71.15,7837.7,0.91,49.9MB / 56.2MB,13.8MB / 1.31MB
2025-12-12 10:15:40,81,1.77,71.16,7837.7,0.91,50MB / 56.4MB,13.8MB / 1.31MB
2025-12-12 10:15:55,81,2.30,71.17,7837.7,0.91,50.2MB / 56.5MB,13.8MB / 1.31MB
2025-12-12 10:16:11,82,1.26,71.17,7837.7,0.91,50.4MB / 56.7MB,13.8MB / 1.31MB
2025-12-12 10:16:27,82,2.51,71.18,7837.7,0.91,50.5MB / 56.9MB,13.8MB / 1.31MB
2025-12-12 10:16:43,82,1.10,71.19,7837.7,0.91,50.7MB / 57.1MB,13.8MB / 1.31MB
2025-12-12 10:16:59,82,1.19,71.2,7837.7,0.91,50.9MB / 57.3MB,13.8MB / 1.31MB
2025-12-12 10:17:15,83,1.35,71.21,7837.7,0.91,51.1MB / 57.5MB,13.8MB / 1.31MB
2025-12-12 10:17:31,83,0.19,71.21,7837.7,0.91,51.3MB / 57.8MB,13.8MB / 1.31MB
2025-12-12 10:17:47,83,1.06,71.22,7837.7,0.91,51.4MB / 57.9MB,13.8MB / 1.31MB
2025-12-12 10:18:03,83,1.64,71.24,7837.7,0.91,51.6MB / 58.2MB,13.8MB / 1.31MB
2025-12-12 10:18:19,84,1.88,71.24,7837.7,0.91,51.9MB / 58.4MB,13.8MB / 1.31MB
2025-12-12 10:18:34,84,0.43,71.25,7837.7,0.91,52MB / 58.6MB,13.8MB / 1.31MB
2025-12-12 10:18:49,84,2.74,71.26,7837.7,0.91,52.2MB / 58.8MB,13.8MB / 1.31MB
2025-12-12 10:19:05,85,4.68,71.27,7837.7,0.91,52.3MB / 58.9MB,13.8MB / 1.31MB
2025-12-12 10:19:20,85,1.60,71.27,7837.7,0.91,52.5MB / 59.1MB,13.8MB / 1.31MB
2025-12-12 10:19:36,85,2.69,71.28,7837.7,0.91,52.6MB / 59.3MB,13.8MB / 1.31MB
2025-12-12 10:19:51,85,1.79,71.29,7837.7,0.91,52.8MB / 59.5MB,13.8MB / 1.31MB
2025-12-12 10:20:07,86,1.82,71.3,7837.7,0.91,53MB / 59.7MB,13.8MB / 1.31MB
2025-12-12 10:20:22,86,2.30,71.31,7837.7,0.91,53.2MB / 60MB,13.8MB / 1.31MB
2025-12-12 10:20:38,86,0.73,71.32,7837.7,0.91,53.4MB / 60.2MB,13.8MB / 1.31MB
2025-12-12 10:20:53,86,1.54,71.33,7837.7,0.91,53.7MB / 60.4MB,13.8MB / 1.31MB
2025-12-12 10:21:09,87,1.49,71.34,7837.7,0.91,53.9MB / 60.7MB,13.8MB / 1.31MB
2025-12-12 10:21:24,87,1.14,71.35,7837.7,0.91,54.1MB / 60.9MB,13.8MB / 1.31MB
2025-12-12 10:21:40,87,2.45,71.36,7837.7,0.91,54.3MB / 61.2MB,13.8MB / 1.32MB
2025-12-12 10:21:55,87,1.87,71.37,7837.7,0.91,54.5MB / 61.4MB,13.8MB / 1.32MB
2025-12-12 10:22:10,88,2.59,71.38,7837.7,0.91,54.7MB / 61.6MB,13.8MB / 1.32MB
2025-12-12 10:22:26,88,1.92,71.39,7837.7,0.91,54.9MB / 61.8MB,13.8MB / 1.32MB
2025-12-12 10:22:41,88,2.32,71.4,7837.7,0.91,55.1MB / 62.1MB,13.8MB / 1.32MB
2025-12-12 10:22:57,88,2.14,71.41,7837.7,0.91,55.3MB / 62.3MB,13.8MB / 1.32MB
2025-12-12 10:23:12,89,1.70,71.42,7837.7,0.91,55.5MB / 62.5MB,13.8MB / 1.32MB
2025-12-12 10:23:28,89,1.63,71.43,7837.7,0.91,55.7MB / 62.8MB,13.8MB / 1.32MB
2025-12-12 10:23:44,89,1.16,71.44,7837.7,0.91,55.9MB / 63MB,13.8MB / 1.32MB
2025-12-12 10:23:59,89,2.56,71.45,7837.7,0.91,56.2MB / 63.3MB,13.8MB / 1.32MB
2025-12-12 10:24:15,90,1.14,71.46,7837.7,0.91,56.4MB / 63.5MB,13.8MB / 1.32MB
2025-12-12 10:24:30,90,1.16,71.47,7837.7,0.91,56.6MB / 63.7MB,13.8MB / 1.32MB
2025-12-12 10:24:46,90,1.92,71.48,7837.7,0.91,56.8MB / 64MB,13.8MB / 1.32MB
2025-12-12 10:25:01,90,1.79,71.49,7837.7,0.91,57MB / 64.2MB,13.8MB / 1.32MB
2025-12-12 10:25:17,91,2.33,71.5,7837.7,0.91,57.2MB / 64.4MB,13.8MB / 1.32MB
2025-12-12 10:25:32,91,4.19,71.51,7837.7,0.91,57.4MB / 64.7MB,13.8MB / 1.32MB
2025-12-12 10:25:47,91,3.09,71.52,7837.7,0.91,57.6MB / 64.9MB,13.8MB / 1.32MB
2025-12-12 10:26:02,91,0.87,71.53,7837.7,0.91,57.8MB / 65.1MB,13.8MB / 1.32MB
2025-12-12 10:26:18,92,1.14,71.54,7837.7,0.91,58MB / 65.4MB,13.8MB / 1.32MB
2025-12-12 10:26:34,92,1.37,71.55,7837.7,0.91,58.3MB / 65.6MB,13.8MB / 1.32MB
2025-12-12 10:26:50,92,1.76,71.56,7837.7,0.91,58.5MB / 65.8MB,13.8MB / 1.32MB
2025-12-12 10:27:05,93,1.66,71.57,7837.7,0.91,58.6MB / 66MB,13.8MB / 1.32MB
2025-12-12 10:27:21,93,1.28,71.58,7837.7,0.91,58.8MB / 66.3MB,13.8MB / 1.32MB
2025-12-12 10:27:37,93,1.46,71.59,7837.7,0.91,59MB / 66.5MB,13.8MB / 1.32MB
2025-12-12 10:27:53,93,1.67,71.84,7837.7,0.92,59.2MB / 66.7MB,13.8MB / 1.32MB
2025-12-12 10:28:08,94,1.05,71.61,7837.7,0.91,59.4MB / 66.9MB,13.8MB / 1.32MB
2025-12-12 10:28:24,94,0.36,71.61,7837.7,0.91,59.6MB / 67.1MB,13.8MB / 1.32MB
2025-12-12 10:28:40,94,1.31,71.62,7837.7,0.91,59.7MB / 67.3MB,13.8MB / 1.32MB
2025-12-12 10:28:56,94,2.04,71.63,7837.7,0.91,59.9MB / 67.5MB,13.8MB / 1.32MB
2025-12-12 10:29:11,95,1.65,71.64,7837.7,0.91,60.1MB / 67.7MB,13.8MB / 1.32MB
2025-12-12 10:29:28,95,0.23,71.64,7837.7,0.91,60.2MB / 67.8MB,13.8MB / 1.32MB
2025-12-12 10:29:45,95,0.90,71.65,7837.7,0.91,60.3MB / 67.9MB,13.8MB / 1.32MB
2025-12-12 10:30:01,95,2.61,71.66,7837.7,0.91,60.5MB / 68.2MB,13.8MB / 1.32MB
2025-12-12 10:30:17,96,1.24,71.66,7837.7,0.91,60.7MB / 68.3MB,13.8MB / 1.32MB
2025-12-12 10:30:33,96,0.20,71.67,7837.7,0.91,60.8MB / 68.5MB,13.8MB / 1.32MB
2025-12-12 10:30:48,96,0.10,71.68,7837.7,0.91,61MB / 68.7MB,13.8MB / 1.32MB
2025-12-12 10:31:04,97,0.85,71.69,7837.7,0.91,61.2MB / 68.9MB,13.8MB / 1.32MB
2025-12-12 10:31:20,97,2.38,71.7,7837.7,0.91,61.4MB / 69.1MB,13.8MB / 1.32MB
2025-12-12 10:31:36,97,2.91,71.71,7837.7,0.91,61.5MB / 69.3MB,13.8MB / 1.32MB
2025-12-12 10:31:51,97,1.98,71.71,7837.7,0.92,61.8MB / 69.6MB,13.8MB / 1.32MB
2025-12-12 10:32:07,98,1.15,71.73,7837.7,0.92,62MB / 69.8MB,13.8MB / 1.32MB
2025-12-12 10:32:23,98,0.72,71.73,7837.7,0.92,62.1MB / 70MB,13.8MB / 1.32MB
2025-12-12 10:32:38,98,1.94,71.74,7837.7,0.92,62.3MB / 70.2MB,13.8MB / 1.32MB
2025-12-12 10:32:55,98,1.52,71.75,7837.7,0.92,62.5MB / 70.4MB,13.8MB / 1.32MB
2025-12-12 10:33:10,99,1.73,71.76,7837.7,0.92,62.7MB / 70.6MB,13.8MB / 1.32MB
2025-12-12 10:33:26,99,1.70,71.79,7837.7,0.92,62.9MB / 70.8MB,13.8MB / 1.32MB
2025-12-12 10:33:41,99,2.52,71.78,7837.7,0.92,63.1MB / 71MB,13.8MB / 1.32MB
2025-12-12 10:33:56,99,2.19,71.79,7837.7,0.92,63.2MB / 71.2MB,13.8MB / 1.32MB
2025-12-12 10:34:11,100,1.34,71.8,7837.7,0.92,63.5MB / 71.5MB,13.8MB / 1.32MB
2025-12-12 10:34:27,100,6.74,71.8,7837.7,0.92,63.6MB / 71.7MB,13.8MB / 1.32MB
2025-12-12 10:34:43,100,3.10,71.81,7837.7,0.92,63.8MB / 71.9MB,13.8MB / 1.32MB
2025-12-12 10:34:59,100,0.79,71.82,7837.7,0.92,64MB / 72.1MB,13.8MB / 1.32MB
2025-12-12 10:35:15,101,0.83,71.83,7837.7,0.92,64.1MB / 72.2MB,13.8MB / 1.32MB
2025-12-12 10:35:31,101,4.76,71.84,7837.7,0.92,64.3MB / 72.4MB,13.8MB / 1.32MB
2025-12-12 10:35:48,101,1.13,71.85,7837.7,0.92,64.5MB / 72.6MB,13.8MB / 1.32MB
2025-12-12 10:36:03,101,2.48,71.86,7837.7,0.92,64.7MB / 72.8MB,13.8MB / 1.32MB
2025-12-12 10:36:19,102,3.09,71.86,7837.7,0.92,64.8MB / 73MB,13.8MB / 1.32MB
2025-12-12 10:36:34,102,5.92,71.87,7837.7,0.92,65MB / 73.2MB,13.8MB / 1.32MB
2025-12-12 10:36:50,102,1.62,71.88,7837.7,0.92,65.2MB / 73.4MB,13.8MB / 1.32MB
2025-12-12 10:37:06,103,1.45,71.89,7837.7,0.92,65.4MB / 73.6MB,13.8MB / 1.32MB
2025-12-12 10:37:22,103,0.96,71.9,7837.7,0.92,65.6MB / 73.9MB,13.8MB / 1.32MB
2025-12-12 10:37:37,103,2.03,71.91,7837.7,0.92,65.8MB / 74.1MB,13.8MB / 1.32MB
2025-12-12 10:37:53,103,5.79,71.91,7837.7,0.92,66MB / 74.3MB,13.8MB / 1.32MB
2025-12-12 10:38:09,104,1.35,71.92,7837.7,0.92,66.1MB / 74.5MB,13.8MB / 1.32MB
2025-12-12 10:38:24,104,0.14,71.93,7837.7,0.92,66.3MB / 74.7MB,13.8MB / 1.32MB
2025-12-12 10:38:41,104,5.69,71.94,7837.7,0.92,66.5MB / 74.9MB,13.8MB / 1.32MB
2025-12-12 10:38:56,104,5.43,71.92,7837.7,0.92,66.6MB / 75MB,13.8MB / 1.35MB
2025-12-12 10:39:11,105,1.88,71.73,7837.7,0.92,66.8MB / 75.2MB,13.8MB / 1.98MB
2025-12-12 10:39:27,105,1.91,71.55,7837.7,0.91,66.9MB / 75.4MB,13.8MB / 2.65MB
2025-12-12 10:39:43,105,4.39,70.7,7837.7,0.90,67.1MB / 75.6MB,13.8MB / 2.65MB
2025-12-12 10:39:59,105,4.07,70.69,7837.7,0.90,67.3MB / 75.8MB,13.8MB / 2.67MB
2025-12-12 10:40:14,106,1.75,70.68,7837.7,0.90,67.5MB / 76.1MB,13.8MB / 2.7MB
2025-12-12 10:40:29,106,1.86,70.67,7837.7,0.90,67.7MB / 76.3MB,13.8MB / 2.74MB
2025-12-12 10:40:45,106,5.76,70.63,7837.7,0.90,67.9MB / 76.5MB,13.8MB / 3.25MB
2025-12-12 10:41:00,106,1.87,69.89,7837.7,0.89,68.1MB / 76.7MB,13.8MB / 3.56MB
2025-12-12 10:41:16,107,1.73,70.64,7837.7,0.90,68.3MB / 77MB,13.8MB / 3.56MB
2025-12-12 10:41:32,107,2.17,71.94,7837.7,0.92,68.6MB / 77.2MB,15.2MB / 3.73MB
2025-12-12 10:41:47,107,1.75,71.78,7837.7,0.92,68.8MB / 77.5MB,15.2MB / 4.12MB
2025-12-12 10:42:02,107,1.97,70.57,7837.7,0.90,69MB / 77.7MB,15.2MB / 5.42MB
2025-12-12 10:42:20,108,12.23,70.19,7837.7,0.90,69.1MB / 77.9MB,15.2MB / 6.06MB
2025-12-12 10:42:40,108,5.86,68.59,7837.7,0.88,69.2MB / 77.9MB,15.2MB / 7.5MB
2025-12-12 10:42:56,108,1.61,68.22,7837.7,0.87,69.3MB / 78.1MB,15.2MB / 8.13MB
2025-12-12 10:43:12,109,5.73,67.08,7837.7,0.86,69.4MB / 78.2MB,15.2MB / 9.49MB
2025-12-12 10:43:31,109,1.21,67.09,7837.7,0.86,69.6MB / 78.4MB,15.2MB / 9.49MB
2025-12-12 10:43:46,109,3.95,66.34,7837.7,0.85,69.8MB / 78.6MB,15.2MB / 10.5MB
2025-12-12 10:44:01,109,0.12,63.48,7837.7,0.81,70MB / 78.9MB,15.2MB / 11.1MB
2025-12-12 10:44:16,110,0.96,63.49,7837.7,0.81,70.2MB / 79.1MB,15.2MB / 11.1MB
2025-12-12 10:44:32,110,4.77,63.5,7837.7,0.81,70.5MB / 79.4MB,15.2MB / 11.1MB
2025-12-12 10:44:47,110,1.54,63.52,7837.7,0.81,70.7MB / 79.6MB,15.2MB / 11.1MB
2025-12-12 10:45:02,110,1.12,63.52,7837.7,0.81,70.9MB / 79.8MB,15.2MB / 11.1MB
2025-12-12 10:45:19,111,2.50,63.54,7837.7,0.81,71.1MB / 80.1MB,15.2MB / 11.1MB
2025-12-12 10:45:35,111,1.39,63.55,7837.7,0.81,71.3MB / 80.3MB,15.2MB / 11.1MB
2025-12-12 10:45:50,111,2.44,63.55,7837.7,0.81,71.5MB / 80.6MB,15.2MB / 11.1MB
2025-12-12 10:46:05,112,1.91,63.57,7837.7,0.81,71.7MB / 80.8MB,15.2MB / 11.1MB
2025-12-12 10:46:20,112,1.82,63.57,7837.7,0.81,71.9MB / 81MB,15.2MB / 11.1MB
2025-12-12 10:46:35,112,6.00,63.58,7837.7,0.81,72.1MB / 81.2MB,15.2MB / 11.1MB
2025-12-12 10:46:51,112,2.43,63.59,7837.7,0.81,72.4MB / 81.5MB,15.2MB / 11.1MB
2025-12-12 10:47:06,113,1.28,63.6,7837.7,0.81,72.5MB / 81.7MB,15.2MB / 11.1MB
2025-12-12 10:47:21,113,0.84,63.61,7837.7,0.81,72.7MB / 81.9MB,15.2MB / 11.1MB
2025-12-12 10:47:36,113,2.56,63.62,7837.7,0.81,72.9MB / 82.2MB,15.2MB / 11.1MB
2025-12-12 10:47:51,113,1.05,63.64,7837.7,0.81,73.2MB / 82.4MB,15.2MB / 11.1MB
2025-12-12 10:48:07,114,1.94,63.64,7837.7,0.81,73.4MB / 82.6MB,15.2MB / 11.1MB
2025-12-12 10:48:23,114,1.10,63.65,7837.7,0.81,73.6MB / 82.9MB,15.2MB / 11.1MB
2025-12-12 10:48:40,114,1.94,63.66,7837.7,0.81,73.8MB / 83.1MB,15.2MB / 11.1MB
2025-12-12 10:48:55,114,1.47,63.67,7837.7,0.81,74MB / 83.3MB,15.2MB / 11.1MB
2025-12-12 10:49:10,115,1.09,63.68,7837.7,0.81,74.2MB / 83.5MB,15.2MB / 11.1MB
2025-12-12 10:49:25,115,6.36,63.69,7837.7,0.81,74.4MB / 83.8MB,15.2MB / 11.1MB
2025-12-12 10:49:40,115,0.87,63.7,7837.7,0.81,74.6MB / 84MB,15.2MB / 11.1MB
2025-12-12 10:49:55,115,0.77,63.71,7837.7,0.81,74.8MB / 84.3MB,15.2MB / 11.1MB
2025-12-12 10:50:10,116,1.47,63.72,7837.7,0.81,75MB / 84.5MB,15.2MB / 11.1MB
2025-12-12 10:50:25,116,2.04,63.73,7837.7,0.81,75.2MB / 84.7MB,15.2MB / 11.1MB
2025-12-12 10:50:40,116,1.44,63.74,7837.7,0.81,75.3MB / 84.9MB,15.2MB / 11.1MB
2025-12-12 10:50:57,116,0.43,63.75,7837.7,0.81,75.5MB / 85MB,15.2MB / 11.1MB
2025-12-12 10:51:12,117,1.72,63.75,7837.7,0.81,75.7MB / 85.2MB,15.2MB / 11.1MB
2025-12-12 10:51:28,117,1.74,63.76,7837.7,0.81,75.8MB / 85.4MB,15.2MB / 11.1MB
2025-12-12 10:51:44,117,2.37,63.77,7837.7,0.81,76MB / 85.6MB,15.2MB / 11.1MB
2025-12-12 10:52:00,117,3.05,63.78,7837.7,0.81,76.2MB / 85.9MB,15.2MB / 11.1MB
2025-12-12 10:52:16,118,3.20,63.79,7837.7,0.81,76.4MB / 86.1MB,15.2MB / 11.1MB
2025-12-12 10:52:31,118,2.01,63.8,7837.7,0.81,76.7MB / 86.4MB,15.2MB / 11.1MB
2025-12-12 10:52:48,118,3.26,63.81,7837.7,0.81,76.8MB / 86.5MB,15.2MB / 11.1MB
2025-12-12 10:53:04,118,3.65,63.82,7837.7,0.81,77MB / 86.7MB,15.2MB / 11.1MB
2025-12-12 10:53:20,119,2.79,63.84,7837.7,0.81,77.2MB / 86.9MB,15.2MB / 11.1MB
2025-12-12 10:53:36,119,1.19,63.84,7837.7,0.81,77.4MB / 87.2MB,15.2MB / 11.1MB
2025-12-12 10:53:51,119,1.03,63.84,7837.7,0.81,77.6MB / 87.4MB,15.2MB / 11.1MB
2025-12-12 10:54:08,120,2.13,69.64,7837.7,0.89,77.8MB / 87.6MB,21.3MB / 11.1MB
2025-12-12 10:54:23,120,1.24,69.64,7837.7,0.89,78MB / 87.8MB,21.3MB / 11.1MB
2025-12-12 10:54:40,120,1.67,69.66,7837.7,0.89,78.2MB / 88.1MB,21.3MB / 11.1MB
2025-12-12 10:54:55,120,0.21,69.66,7837.7,0.89,78.4MB / 88.3MB,21.3MB / 11.1MB
2025-12-12 10:55:12,121,4.49,69.67,7837.7,0.89,78.6MB / 88.5MB,21.3MB / 11.1MB
2025-12-12 10:55:28,121,0.87,69.68,7837.7,0.89,78.7MB / 88.7MB,21.3MB / 11.1MB
2025-12-12 10:55:43,121,1.64,69.69,7837.7,0.89,79MB / 88.9MB,21.3MB / 11.1MB
2025-12-12 10:55:58,121,2.29,69.7,7837.7,0.89,79.2MB / 89.2MB,21.3MB / 11.1MB
2025-12-12 10:56:14,122,2.63,69.71,7837.7,0.89,79.4MB / 89.4MB,21.3MB / 11.1MB
2025-12-12 10:56:31,122,1.31,69.72,7837.7,0.89,79.6MB / 89.6MB,21.3MB / 11.1MB
2025-12-12 10:56:46,122,2.81,69.73,7837.7,0.89,79.8MB / 89.8MB,21.3MB / 11.1MB
2025-12-12 10:57:02,122,2.54,69.74,7837.7,0.89,79.9MB / 90MB,21.3MB / 11.1MB
2025-12-12 10:57:18,123,0.17,69.75,7837.7,0.89,80.1MB / 90.2MB,21.3MB / 11.1MB
2025-12-12 10:57:33,123,10.10,69.76,7837.7,0.89,80.3MB / 90.4MB,21.3MB / 11.1MB
2025-12-12 10:57:49,123,2.61,69.77,7837.7,0.89,80.5MB / 90.6MB,21.3MB / 11.1MB
2025-12-12 10:58:04,124,0.97,69.78,7837.7,0.89,80.7MB / 90.9MB,21.3MB / 11.1MB
2025-12-12 10:58:20,124,2.61,69.79,7837.7,0.89,80.9MB / 91.1MB,21.3MB / 11.1MB
2025-12-12 10:58:35,124,3.35,69.8,7837.7,0.89,81.1MB / 91.3MB,21.3MB / 11.1MB
2025-12-12 10:58:50,124,0.60,69.81,7837.7,0.89,81.3MB / 91.6MB,21.3MB / 11.1MB
2025-12-12 10:59:06,125,1.86,69.82,7837.7,0.89,81.5MB / 91.8MB,21.3MB / 11.1MB
2025-12-12 10:59:22,125,2.10,69.83,7837.7,0.89,81.7MB / 92MB,21.3MB / 11.1MB
2025-12-12 10:59:39,125,0.72,69.83,7837.7,0.89,81.8MB / 92.2MB,21.3MB / 11.1MB
2025-12-12 10:59:55,125,7.07,69.84,7837.7,0.89,82MB / 92.3MB,21.3MB / 11.1MB
2025-12-12 11:00:11,126,2.30,69.84,7837.7,0.89,82.1MB / 92.5MB,21.3MB / 11.1MB
2025-12-12 11:00:27,126,2.40,69.85,7837.7,0.89,82.3MB / 92.7MB,21.3MB / 11.1MB
2025-12-12 11:00:42,126,2.50,70.1,7837.7,0.89,82.4MB / 92.8MB,21.3MB / 11.1MB
2025-12-12 11:00:59,126,1.03,69.87,7837.7,0.89,82.6MB / 93.1MB,21.3MB / 11.1MB
2025-12-12 11:01:14,127,1.29,69.88,7837.7,0.89,82.8MB / 93.3MB,21.3MB / 11.1MB
2025-12-12 11:01:31,127,2.21,69.89,7837.7,0.89,82.9MB / 93.4MB,21.3MB / 11.1MB
2025-12-12 11:01:46,127,1.18,69.89,7837.7,0.89,83.2MB / 93.7MB,21.3MB / 11.1MB
2025-12-12 11:02:01,127,4.67,69.91,7837.7,0.89,83.4MB / 93.9MB,21.3MB / 11.1MB
2025-12-12 11:02:16,128,0.13,69.91,7837.7,0.89,83.6MB / 94.1MB,21.3MB / 11.1MB
2025-12-12 11:02:31,128,1.28,69.92,7837.7,0.89,83.7MB / 94.3MB,21.3MB / 11.1MB
2025-12-12 11:02:48,128,0.73,69.93,7837.7,0.89,83.9MB / 94.5MB,21.3MB / 11.1MB
2025-12-12 11:03:03,128,3.70,69.95,7837.7,0.89,84.1MB / 94.7MB,21.3MB / 11.1MB
2025-12-12 11:03:19,129,7.18,69.95,7837.7,0.89,84.3MB / 94.9MB,21.3MB / 11.1MB
2025-12-12 11:03:34,129,2.82,69.96,7837.7,0.89,84.5MB / 95.1MB,21.3MB / 11.1MB
2025-12-12 11:03:50,129,2.08,69.98,7837.7,0.89,84.7MB / 95.4MB,21.3MB / 11.1MB
2025-12-12 11:04:05,130,1.43,69.98,7837.7,0.89,84.9MB / 95.6MB,21.3MB / 11.1MB
2025-12-12 11:04:20,130,3.21,69.98,7837.7,0.89,85.1MB / 95.8MB,21.3MB / 11.1MB
2025-12-12 11:04:36,130,0.84,70,7837.7,0.89,85.3MB / 96MB,21.3MB / 11.1MB
2025-12-12 11:04:52,130,2.34,70.01,7837.7,0.89,85.5MB / 96.3MB,21.3MB / 11.1MB
2025-12-12 11:05:08,131,1.74,70.02,7837.7,0.89,85.7MB / 96.5MB,21.3MB / 11.1MB
2025-12-12 11:05:23,131,3.00,70.03,7837.7,0.89,85.9MB / 96.8MB,21.3MB / 11.1MB
2025-12-12 11:05:39,131,0.80,70.04,7837.7,0.89,86.1MB / 97MB,21.3MB / 11.1MB
2025-12-12 11:05:57,131,3.62,70.05,7837.7,0.89,86.2MB / 97.1MB,21.3MB / 11.1MB
2025-12-12 11:06:13,132,54.58,70.05,7837.7,0.89,86.4MB / 97.3MB,21.3MB / 11.1MB
2025-12-12 11:06:29,132,2.77,70.05,7837.7,0.89,86.5MB / 97.4MB,21.3MB / 11.1MB
2025-12-12 11:06:45,132,2.94,70.06,7837.7,0.89,86.7MB / 97.6MB,21.3MB / 11.1MB
2025-12-12 11:07:00,132,2.30,70.07,7837.7,0.89,86.9MB / 97.9MB,21.3MB / 11.1MB
2025-12-12 11:07:15,133,1.90,70.08,7837.7,0.89,87.1MB / 98.1MB,21.3MB / 11.1MB
2025-12-12 11:07:30,133,1.74,70.09,7837.7,0.89,87.4MB / 98.4MB,21.3MB / 11.1MB
2025-12-12 11:07:46,133,2.92,70.11,7837.7,0.89,87.6MB / 98.6MB,21.3MB / 11.1MB
2025-12-12 11:08:01,133,1.50,70.12,7837.7,0.89,87.8MB / 98.9MB,21.3MB / 11.1MB
2025-12-12 11:08:17,134,2.71,70.12,7837.7,0.89,88MB / 99.1MB,21.3MB / 11.1MB
2025-12-12 11:08:33,134,6.25,70.13,7837.7,0.89,88.1MB / 99.3MB,21.3MB / 11.1MB
2025-12-12 11:08:51,134,3.98,70.14,7837.7,0.89,88.3MB / 99.4MB,21.3MB / 11.1MB
2025-12-12 11:09:08,135,1.91,70.14,7837.7,0.90,88.4MB / 99.5MB,21.3MB / 11.1MB
2025-12-12 11:09:24,135,1.12,70.15,7837.7,0.90,88.5MB / 99.7MB,21.3MB / 11.1MB
2025-12-12 11:09:40,135,1.91,70.16,7837.7,0.90,88.7MB / 99.9MB,21.3MB / 11.1MB
2025-12-12 11:09:55,135,1.91,70.17,7837.7,0.90,88.9MB / 100MB,21.3MB / 11.1MB
2025-12-12 11:10:10,136,1.53,70.18,7837.7,0.90,89.2MB / 100MB,21.3MB / 11.1MB
2025-12-12 11:10:25,136,1.11,70.19,7837.7,0.90,89.4MB / 101MB,21.3MB / 11.1MB
2025-12-12 11:10:40,136,3.53,70.2,7837.7,0.90,89.6MB / 101MB,21.3MB / 11.1MB
2025-12-12 11:10:55,136,1.63,70.21,7837.7,0.90,89.8MB / 101MB,21.3MB / 11.1MB
2025-12-12 11:11:11,137,3.96,70.22,7837.7,0.90,90MB / 101MB,21.3MB / 11.1MB
2025-12-12 11:11:26,137,2.05,70.23,7837.7,0.90,90.2MB / 102MB,21.3MB / 11.1MB
2025-12-12 11:11:42,137,1.87,70.24,7837.7,0.90,90.4MB / 102MB,21.3MB / 11.1MB
2025-12-12 11:11:58,137,1.70,70.25,7837.7,0.90,90.6MB / 102MB,21.3MB / 11.1MB
2025-12-12 11:12:13,138,1.99,70.26,7837.7,0.90,90.8MB / 102MB,21.3MB / 11.1MB
2025-12-12 11:12:29,138,2.58,70.27,7837.7,0.90,91MB / 102MB,21.3MB / 11.1MB
2025-12-12 11:12:46,138,0.17,70.27,7837.7,0.90,91.1MB / 103MB,21.3MB / 11.1MB
2025-12-12 11:13:01,138,1.02,70.56,7837.7,0.90,91.3MB / 103MB,21.3MB / 11.1MB
2025-12-12 11:13:16,139,6.44,70.6,7837.7,0.90,91.5MB / 103MB,21.4MB / 11.1MB
2025-12-12 11:13:31,139,1.80,70.61,7837.7,0.90,91.7MB / 103MB,21.4MB / 11.1MB
2025-12-12 11:13:48,139,1.54,70.79,7837.7,0.90,91.8MB / 103MB,21.4MB / 11.3MB
2025-12-12 11:14:04,140,1.98,70.42,7837.7,0.90,92MB / 104MB,21.4MB / 11.7MB
2025-12-12 11:14:20,140,1.51,70.07,7837.7,0.89,92.2MB / 104MB,21.4MB / 12.1MB
2025-12-12 11:14:36,140,2.40,69.74,7837.7,0.89,92.4MB / 104MB,21.4MB / 12.1MB
2025-12-12 11:14:51,140,1.71,69.43,7837.7,0.89,92.5MB / 104MB,21.4MB / 12.5MB
2025-12-12 11:15:06,141,0.91,69.44,7837.7,0.89,92.8MB / 104MB,21.4MB / 12.5MB
2025-12-12 11:15:21,141,2.64,69.06,7837.7,0.88,93MB / 105MB,21.4MB / 13MB
2025-12-12 11:15:36,141,1.94,70.53,7837.7,0.90,93.2MB / 105MB,21.4MB / 13.3MB
2025-12-12 11:15:52,141,1.19,67.59,7837.7,0.86,93.4MB / 105MB,21.4MB / 13.3MB
2025-12-12 11:16:08,142,1.87,67.61,7837.7,0.86,93.6MB / 105MB,21.4MB / 13.3MB
2025-12-12 11:16:23,142,1.07,67.61,7837.7,0.86,93.8MB / 106MB,21.4MB / 13.3MB
2025-12-12 11:16:39,142,1.15,67.62,7837.7,0.86,94MB / 106MB,21.4MB / 13.3MB
2025-12-12 11:16:54,142,2.07,67.64,7837.7,0.86,94.2MB / 106MB,21.4MB / 13.3MB
2025-12-12 11:17:10,143,1.80,67.64,7837.7,0.86,94.5MB / 106MB,21.4MB / 13.3MB
2025-12-12 11:17:25,143,1.13,67.65,7837.7,0.86,94.7MB / 107MB,21.4MB / 13.3MB
2025-12-12 11:17:40,143,2.16,67.67,7837.7,0.86,94.9MB / 107MB,21.4MB / 13.3MB
2025-12-12 11:17:56,143,1.60,67.68,7837.7,0.86,95.1MB / 107MB,21.4MB / 13.3MB
2025-12-12 11:18:11,144,3.31,67.7,7837.7,0.86,95.3MB / 107MB,21.4MB / 13.3MB
2025-12-12 11:18:27,144,1.86,67.71,7837.7,0.86,95.5MB / 108MB,21.4MB / 13.3MB
2025-12-12 11:18:42,144,1.88,67.7,7837.7,0.86,95.7MB / 108MB,21.4MB / 13.3MB
2025-12-12 11:18:58,144,7.05,67.71,7837.7,0.86,95.9MB / 108MB,21.4MB / 13.3MB
2025-12-12 11:19:14,145,2.28,67.73,7837.7,0.86,96.1MB / 108MB,21.4MB / 13.3MB
2025-12-12 11:19:30,145,2.08,67.74,7837.7,0.86,96.3MB / 108MB,21.4MB / 13.3MB
2025-12-12 11:19:46,145,1.24,67.75,7837.7,0.86,96.5MB / 109MB,21.4MB / 13.3MB
2025-12-12 11:20:03,145,2.19,67.76,7837.7,0.86,96.7MB / 109MB,21.4MB / 13.3MB
2025-12-12 11:20:18,146,6.30,67.77,7837.7,0.86,96.8MB / 109MB,21.4MB / 13.3MB
2025-12-12 11:20:33,146,1.81,67.77,7837.7,0.86,97MB / 109MB,21.4MB / 13.3MB
2025-12-12 11:20:49,146,2.67,67.79,7837.7,0.86,97.2MB / 109MB,21.4MB / 13.3MB
2025-12-12 11:21:04,147,0.89,67.79,7837.7,0.87,97.4MB / 110MB,21.4MB / 13.3MB
2025-12-12 11:21:20,147,1.77,67.8,7837.7,0.87,97.7MB / 110MB,21.4MB / 13.3MB
2025-12-12 11:21:35,147,2.59,67.82,7837.7,0.87,97.9MB / 110MB,21.4MB / 13.3MB
2025-12-12 11:21:50,147,1.20,67.82,7837.7,0.87,98MB / 110MB,21.4MB / 13.3MB
2025-12-12 11:22:06,148,1.28,67.83,7837.7,0.87,98.3MB / 111MB,21.4MB / 13.3MB
2025-12-12 11:22:21,148,4.04,67.84,7837.7,0.87,98.4MB / 111MB,21.4MB / 13.3MB
2025-12-12 11:22:37,148,3.52,67.85,7837.7,0.87,98.6MB / 111MB,21.4MB / 13.3MB
2025-12-12 11:22:53,148,0.24,67.87,7837.7,0.87,98.7MB / 111MB,21.4MB / 13.3MB
2025-12-12 11:23:09,149,3.71,67.88,7837.7,0.87,99MB / 111MB,21.4MB / 13.3MB
2025-12-12 11:23:24,149,3.05,67.89,7837.7,0.87,99.2MB / 112MB,21.4MB / 13.3MB
2025-12-12 11:23:40,149,4.89,67.9,7837.7,0.87,99.3MB / 112MB,21.4MB / 13.3MB
2025-12-12 11:23:56,149,2.90,67.91,7837.7,0.87,99.5MB / 112MB,21.4MB / 13.3MB
2025-12-12 11:24:11,150,2.20,67.92,7837.7,0.87,99.7MB / 112MB,21.4MB / 13.3MB
2025-12-12 11:24:27,150,3.39,67.92,7837.7,0.87,99.8MB / 112MB,21.4MB / 13.3MB
2025-12-12 11:24:42,150,1.36,67.93,7837.7,0.87,100MB / 113MB,21.4MB / 13.3MB
2025-12-12 11:24:58,150,1.71,67.94,7837.7,0.87,100MB / 113MB,21.4MB / 13.3MB
2025-12-12 11:25:13,151,1.93,67.95,7837.7,0.87,100MB / 113MB,21.4MB / 13.3MB
2025-12-12 11:25:29,151,0.76,67.96,7837.7,0.87,101MB / 113MB,21.4MB / 13.3MB
2025-12-12 11:25:44,151,4.65,67.97,7837.7,0.87,101MB / 114MB,21.4MB / 13.3MB
2025-12-12 11:26:03,151,1.67,67.98,7837.7,0.87,101MB / 114MB,21.4MB / 13.3MB
2025-12-12 11:26:18,152,0.99,67.98,7837.7,0.87,101MB / 114MB,21.4MB / 13.3MB
2025-12-12 11:26:33,152,1.44,67.99,7837.7,0.87,101MB / 114MB,21.4MB / 13.3MB
2025-12-12 11:26:49,152,1.04,68,7837.7,0.87,102MB / 114MB,21.4MB / 13.3MB
2025-12-12 11:27:04,153,1.02,68.02,7837.7,0.87,102MB / 115MB,21.4MB / 13.3MB
2025-12-12 11:27:20,153,0.96,68.04,7837.7,0.87,102MB / 115MB,21.4MB / 13.3MB
2025-12-12 11:27:36,153,1.31,68.05,7837.7,0.87,102MB / 115MB,21.4MB / 13.3MB
2025-12-12 11:27:51,153,1.23,68.05,7837.7,0.87,102MB / 115MB,21.4MB / 13.3MB
2025-12-12 11:28:06,154,0.82,68.07,7837.7,0.87,103MB / 115MB,21.4MB / 13.3MB
2025-12-12 11:28:21,154,5.07,68.07,7837.7,0.87,103MB / 116MB,21.4MB / 13.3MB
2025-12-12 11:28:38,154,2.11,67.48,7837.7,0.86,103MB / 116MB,21.4MB / 13.6MB
2025-12-12 11:28:54,154,1.20,67.45,7837.7,0.86,103MB / 116MB,21.4MB / 13.6MB
2025-12-12 11:29:12,155,1.94,67.26,7837.7,0.86,103MB / 116MB,21.4MB / 13.6MB
2025-12-12 11:29:27,155,2.94,67.26,7837.7,0.86,103MB / 116MB,21.4MB / 13.6MB
2025-12-12 11:29:45,155,1.63,67.27,7837.7,0.86,103MB / 116MB,21.4MB / 13.6MB
2025-12-12 11:30:01,155,7.01,67.09,7837.7,0.86,104MB / 117MB,21.4MB / 13.6MB
2025-12-12 11:30:17,156,3.46,67.11,7837.7,0.86,104MB / 117MB,21.4MB / 13.6MB
2025-12-12 11:30:34,156,0.71,67.11,7837.7,0.86,104MB / 117MB,21.4MB / 13.6MB
2025-12-12 11:30:49,156,3.13,67.12,7837.7,0.86,104MB / 117MB,21.4MB / 13.6MB
2025-12-12 11:31:04,157,1.67,66.86,7837.7,0.85,104MB / 118MB,21.4MB / 13.9MB
2025-12-12 11:31:20,157,1.94,69.52,7837.7,0.89,105MB / 118MB,21.4MB / 13.9MB
2025-12-12 11:31:35,157,1.61,66.11,7837.7,0.84,105MB / 118MB,21.4MB / 13.9MB
2025-12-12 11:31:51,157,2.71,66.13,7837.7,0.84,105MB / 118MB,21.4MB / 13.9MB
2025-12-12 11:32:06,158,2.48,66.12,7837.7,0.84,105MB / 118MB,21.4MB / 13.9MB
2025-12-12 11:32:21,158,3.16,66.13,7837.7,0.84,105MB / 119MB,21.4MB / 13.9MB
2025-12-12 11:32:36,158,2.34,66.14,7837.7,0.84,106MB / 119MB,21.4MB / 13.9MB
2025-12-12 11:32:51,158,2.21,66.15,7837.7,0.84,106MB / 119MB,21.4MB / 13.9MB
2025-12-12 11:33:07,159,1.49,66.16,7837.7,0.84,106MB / 119MB,21.4MB / 13.9MB
2025-12-12 11:33:23,159,1.04,66.17,7837.7,0.84,106MB / 119MB,21.4MB / 13.9MB
2025-12-12 11:33:39,159,5.17,66.18,7837.7,0.84,106MB / 120MB,21.4MB / 13.9MB
2025-12-12 11:33:54,159,5.10,66.19,7837.7,0.84,106MB / 120MB,21.4MB / 13.9MB
2025-12-12 11:34:10,160,0.70,66.19,7837.7,0.84,107MB / 120MB,21.4MB / 13.9MB
2025-12-12 11:34:25,160,5.39,66.2,7837.7,0.84,107MB / 120MB,21.4MB / 13.9MB
2025-12-12 11:34:41,160,1.00,66.21,7837.7,0.84,107MB / 120MB,21.4MB / 13.9MB
2025-12-12 11:34:57,160,2.04,66.22,7837.7,0.84,107MB / 121MB,21.4MB / 13.9MB
2025-12-12 11:35:12,161,1.28,66.23,7837.7,0.85,107MB / 121MB,21.4MB / 13.9MB
2025-12-12 11:35:28,161,1.45,66.24,7837.7,0.85,108MB / 121MB,21.4MB / 13.9MB
2025-12-12 11:35:44,161,0.81,66.24,7837.7,0.85,108MB / 121MB,21.4MB / 13.9MB
2025-12-12 11:36:00,161,3.01,66.26,7837.7,0.85,108MB / 121MB,21.4MB / 13.9MB
2025-12-12 11:36:16,162,3.18,66.26,7837.7,0.85,108MB / 122MB,21.4MB / 13.9MB
2025-12-12 11:36:31,162,0.85,66.27,7837.7,0.85,108MB / 122MB,21.4MB / 13.9MB
2025-12-12 11:36:46,162,1.39,66.28,7837.7,0.85,108MB / 122MB,21.4MB / 13.9MB
2025-12-12 11:37:01,162,2.59,66.29,7837.7,0.85,109MB / 122MB,21.4MB / 13.9MB
2025-12-12 11:37:17,163,1.95,66.3,7837.7,0.85,109MB / 123MB,21.4MB / 13.9MB
2025-12-12 11:37:33,163,1.65,66.31,7837.7,0.85,109MB / 123MB,21.4MB / 13.9MB
2025-12-12 11:37:48,163,1.50,66.32,7837.7,0.85,109MB / 123MB,21.4MB / 13.9MB
2025-12-12 11:38:03,163,1.91,66.33,7837.7,0.85,109MB / 123MB,21.4MB / 13.9MB
2025-12-12 11:38:20,164,4.11,66.34,7837.7,0.85,110MB / 123MB,21.4MB / 13.9MB
2025-12-12 11:38:36,164,2.57,66.34,7837.7,0.85,110MB / 124MB,21.4MB / 13.9MB
2025-12-12 11:38:51,164,2.38,66.36,7837.7,0.85,110MB / 124MB,21.4MB / 13.9MB
2025-12-12 11:39:08,165,0.84,66.36,7837.7,0.85,110MB / 124MB,21.4MB / 13.9MB
2025-12-12 11:39:23,165,2.22,66.38,7837.7,0.85,110MB / 124MB,21.4MB / 13.9MB
2025-12-12 11:39:38,165,1.11,66.38,7837.7,0.85,110MB / 124MB,21.4MB / 13.9MB
2025-12-12 11:39:53,165,2.46,66.39,7837.7,0.85,111MB / 125MB,21.4MB / 13.9MB
2025-12-12 11:40:10,166,1.30,66.41,7837.7,0.85,111MB / 125MB,21.4MB / 13.9MB
2025-12-12 11:40:25,166,1.28,66.41,7837.7,0.85,111MB / 125MB,21.4MB / 13.9MB
2025-12-12 11:40:41,166,0.62,66.43,7837.7,0.85,111MB / 125MB,21.4MB / 13.9MB
2025-12-12 11:40:56,166,1.84,66.43,7837.7,0.85,111MB / 125MB,21.4MB / 13.9MB
2025-12-12 11:41:11,167,2.59,66.44,7837.7,0.85,112MB / 126MB,21.4MB / 13.9MB
2025-12-12 11:41:27,167,2.42,66.45,7837.7,0.85,112MB / 126MB,21.4MB / 13.9MB
2025-12-12 11:41:42,167,1.43,66.46,7837.7,0.85,112MB / 126MB,21.4MB / 13.9MB
2025-12-12 11:41:59,167,2.11,66.46,7837.7,0.85,112MB / 126MB,21.4MB / 13.9MB
2025-12-12 11:42:15,168,1.80,66.47,7837.7,0.85,112MB / 126MB,21.4MB / 13.9MB
2025-12-12 11:42:30,168,2.08,66.48,7837.7,0.85,112MB / 127MB,21.4MB / 13.9MB
2025-12-12 11:42:46,168,4.74,66.48,7837.7,0.85,113MB / 127MB,21.4MB / 13.9MB
2025-12-12 11:43:01,168,2.24,66.5,7837.7,0.85,113MB / 127MB,21.4MB / 13.9MB
2025-12-12 11:43:16,169,0.85,66.5,7837.7,0.85,113MB / 127MB,21.4MB / 13.9MB
2025-12-12 11:43:31,169,2.04,66.52,7837.7,0.85,113MB / 127MB,21.4MB / 13.9MB
2025-12-12 11:43:46,169,2.40,66.53,7837.7,0.85,113MB / 128MB,21.4MB / 13.9MB
2025-12-12 11:44:01,169,2.13,66.54,7837.7,0.85,114MB / 128MB,21.4MB / 13.9MB
2025-12-12 11:44:17,170,2.34,66.54,7837.7,0.85,114MB / 128MB,21.4MB / 13.9MB
2025-12-12 11:44:32,170,1.43,66.55,7837.7,0.85,114MB / 128MB,21.4MB / 13.9MB
2025-12-12 11:44:47,170,5.31,66.56,7837.7,0.85,114MB / 128MB,21.4MB / 13.9MB
2025-12-12 11:45:04,171,1.64,66.57,7837.7,0.85,114MB / 129MB,21.4MB / 13.9MB
2025-12-12 11:45:21,171,0.86,66.57,7837.7,0.85,114MB / 129MB,21.4MB / 13.9MB
2025-12-12 11:45:38,171,6.38,66.58,7837.7,0.85,115MB / 129MB,21.4MB / 13.9MB
2025-12-12 11:45:55,171,4.57,66.82,7837.7,0.85,115MB / 129MB,21.4MB / 13.9MB
2025-12-12 11:46:13,172,4.89,66.59,7837.7,0.85,115MB / 129MB,21.4MB / 13.9MB
2025-12-12 11:46:31,172,5.87,66.59,7837.7,0.85,115MB / 129MB,21.4MB / 13.9MB
2025-12-12 11:46:48,172,0.84,66.6,7837.7,0.85,115MB / 129MB,21.4MB / 13.9MB
2025-12-12 11:47:03,172,5.13,66.61,7837.7,0.85,115MB / 130MB,21.4MB / 13.9MB
2025-12-12 11:47:21,173,3.56,66.62,7837.7,0.85,115MB / 130MB,21.4MB / 13.9MB
2025-12-12 11:47:37,173,4.69,66.62,7837.7,0.85,115MB / 130MB,21.4MB / 13.9MB
2025-12-12 11:47:54,173,7.89,66.63,7837.7,0.85,115MB / 130MB,21.4MB / 13.9MB
2025-12-12 11:48:10,174,3.32,66.64,7837.7,0.85,116MB / 130MB,21.4MB / 13.9MB
2025-12-12 11:48:26,174,78.35,66.9,7837.7,0.85,116MB / 130MB,21.4MB / 13.9MB
2025-12-12 11:48:44,174,0.61,66.65,7837.7,0.85,116MB / 131MB,21.4MB / 13.9MB
2025-12-12 11:49:00,174,2.15,66.66,7837.7,0.85,116MB / 131MB,21.4MB / 13.9MB
2025-12-12 11:49:17,175,5.46,66.66,7837.7,0.85,116MB / 131MB,21.4MB / 13.9MB
2025-12-12 11:49:34,175,1.55,66.68,7837.7,0.85,116MB / 131MB,21.4MB / 13.9MB
2025-12-12 11:49:50,175,0.59,66.69,7837.7,0.85,117MB / 131MB,21.4MB / 13.9MB
2025-12-12 11:50:06,176,1.36,66.7,7837.7,0.85,117MB / 132MB,21.4MB / 13.9MB
2025-12-12 11:50:21,176,1.41,66.71,7837.7,0.85,117MB / 132MB,21.4MB / 13.9MB
2025-12-12 11:50:36,176,2.78,66.95,7837.7,0.85,117MB / 132MB,21.4MB / 13.9MB
2025-12-12 11:50:51,176,2.18,66.72,7837.7,0.85,117MB / 132MB,21.4MB / 13.9MB
2025-12-12 11:51:06,177,2.68,66.73,7837.7,0.85,118MB / 132MB,21.4MB / 13.9MB
2025-12-12 11:51:21,177,3.19,66.74,7837.7,0.85,118MB / 133MB,21.4MB / 13.9MB
2025-12-12 11:51:37,177,6.93,66.75,7837.7,0.85,118MB / 133MB,21.4MB / 13.9MB
2025-12-12 11:51:53,177,2.48,66.76,7837.7,0.85,118MB / 133MB,21.4MB / 13.9MB
2025-12-12 11:52:08,178,0.97,66.77,7837.7,0.85,118MB / 133MB,21.4MB / 13.9MB
2025-12-12 11:52:24,178,2.37,66.78,7837.7,0.85,119MB / 134MB,21.4MB / 13.9MB
2025-12-12 11:52:40,178,0.92,66.79,7837.7,0.85,119MB / 134MB,21.4MB / 13.9MB
2025-12-12 11:52:55,178,2.36,66.8,7837.7,0.85,119MB / 134MB,21.4MB / 13.9MB
2025-12-12 11:53:11,179,1.59,66.8,7837.7,0.85,119MB / 134MB,21.4MB / 13.9MB
2025-12-12 11:53:26,179,1.98,66.82,7837.7,0.85,119MB / 134MB,21.4MB / 13.9MB
2025-12-12 11:53:42,179,7.50,66.82,7837.7,0.85,120MB / 135MB,21.4MB / 13.9MB
2025-12-12 11:53:57,179,2.19,66.83,7837.7,0.85,120MB / 135MB,21.4MB / 13.9MB
2025-12-12 11:54:12,180,6.22,66.84,7837.7,0.85,120MB / 135MB,21.4MB / 13.9MB
2025-12-12 11:54:28,180,1.04,66.85,7837.7,0.85,120MB / 135MB,21.4MB / 13.9MB
2025-12-12 11:54:44,180,2.70,66.86,7837.7,0.85,120MB / 136MB,21.4MB / 14MB
2025-12-12 11:55:00,180,4.75,66.88,7837.7,0.85,121MB / 136MB,21.4MB / 14MB
2025-12-12 11:55:15,181,1.41,66.88,7837.7,0.85,121MB / 136MB,21.4MB / 14MB
2025-12-12 11:55:31,181,1.97,66.89,7837.7,0.85,121MB / 136MB,21.4MB / 14MB
2025-12-12 11:55:46,181,2.61,66.91,7837.7,0.85,121MB / 136MB,21.4MB / 14MB
2025-12-12 11:56:01,181,1.06,66.91,7837.7,0.85,121MB / 137MB,21.4MB / 14MB
2025-12-12 11:56:17,182,0.75,66.93,7837.7,0.85,122MB / 137MB,21.4MB / 14MB
2025-12-12 11:56:32,182,3.53,66.95,7837.7,0.85,122MB / 137MB,21.4MB / 14MB
2025-12-12 11:56:48,182,0.82,66.94,7837.7,0.85,122MB / 137MB,21.4MB / 14MB
2025-12-12 11:57:04,183,3.00,66.95,7837.7,0.85,122MB / 138MB,21.4MB / 14MB
2025-12-12 11:57:20,183,1.00,66.96,7837.7,0.85,122MB / 138MB,21.4MB / 14MB
2025-12-12 11:57:36,183,2.82,66.97,7837.7,0.85,123MB / 138MB,21.4MB / 14MB
2025-12-12 11:57:52,183,1.75,66.98,7837.7,0.85,123MB / 138MB,21.4MB / 14MB
2025-12-12 11:58:07,184,2.98,66.99,7837.7,0.85,123MB / 138MB,21.4MB / 14MB
2025-12-12 11:58:24,184,0.79,67,7837.7,0.85,123MB / 139MB,21.4MB / 14MB
2025-12-12 11:58:40,184,1.01,67.01,7837.7,0.85,123MB / 139MB,21.4MB / 14MB
2025-12-12 11:58:55,184,1.14,67.02,7837.7,0.86,124MB / 139MB,21.4MB / 14MB
2025-12-12 11:59:11,185,1.47,67.03,7837.7,0.86,124MB / 139MB,21.4MB / 14MB
2025-12-12 11:59:26,185,5.21,67.05,7837.7,0.86,124MB / 140MB,21.4MB / 14MB
2025-12-12 11:59:42,185,2.53,67.04,7837.7,0.86,124MB / 140MB,21.4MB / 14MB
2025-12-12 11:59:57,185,0.93,67.05,7837.7,0.86,124MB / 140MB,21.4MB / 14MB
2025-12-12 12:00:13,186,1.22,67.06,7837.7,0.86,124MB / 140MB,21.4MB / 14MB
2025-12-12 12:00:31,186,0.83,67.07,7837.7,0.86,125MB / 140MB,21.4MB / 14MB
2025-12-12 12:00:47,186,1.46,67.08,7837.7,0.86,125MB / 141MB,21.4MB / 14MB
2025-12-12 12:01:02,186,1.45,67.09,7837.7,0.86,125MB / 141MB,21.4MB / 14MB
2025-12-12 12:01:17,187,2.37,67.09,7837.7,0.86,125MB / 141MB,21.4MB / 14MB
2025-12-12 12:01:33,187,1.81,67.11,7837.7,0.86,125MB / 141MB,21.4MB / 14MB
2025-12-12 12:01:49,187,2.75,67.12,7837.7,0.86,126MB / 142MB,21.4MB / 14MB
2025-12-12 12:02:04,188,1.88,67.13,7837.7,0.86,126MB / 142MB,21.4MB / 14MB
2025-12-12 12:02:20,188,0.69,67.14,7837.7,0.86,126MB / 142MB,21.4MB / 14MB
2025-12-12 12:02:36,188,1.49,67.15,7837.7,0.86,126MB / 142MB,21.4MB / 14MB
2025-12-12 12:02:51,188,2.20,67.16,7837.7,0.86,126MB / 142MB,21.4MB / 14MB
2025-12-12 12:03:06,189,1.97,67.17,7837.7,0.86,127MB / 143MB,21.4MB / 14MB
2025-12-12 12:03:21,189,1.94,67.18,7837.7,0.86,127MB / 143MB,21.4MB / 14MB
2025-12-12 12:03:36,189,1.07,67.19,7837.7,0.86,127MB / 143MB,21.4MB / 14MB
2025-12-12 12:03:52,189,1.74,67.2,7837.7,0.86,127MB / 143MB,21.4MB / 14MB
2025-12-12 12:04:07,190,1.92,67.2,7837.7,0.86,127MB / 144MB,21.4MB / 14MB
2025-12-12 12:04:22,190,1.00,67.21,7837.7,0.86,128MB / 144MB,21.4MB / 14MB
2025-12-12 12:04:37,190,1.55,67.22,7837.7,0.86,128MB / 144MB,21.4MB / 14MB
2025-12-12 12:04:52,190,1.88,67.23,7837.7,0.86,128MB / 144MB,21.4MB / 14MB
2025-12-12 12:05:09,191,1.55,67.24,7837.7,0.86,128MB / 144MB,21.4MB / 14MB
2025-12-12 12:05:24,191,1.08,67.25,7837.7,0.86,128MB / 145MB,21.4MB / 14MB
2025-12-12 12:05:40,191,1.53,67.26,7837.7,0.86,129MB / 145MB,21.4MB / 14MB
2025-12-12 12:05:55,191,1.83,67.51,7837.7,0.86,129MB / 145MB,21.4MB / 14MB
2025-12-12 12:06:11,192,2.00,67.28,7837.7,0.86,129MB / 145MB,21.4MB / 14MB
2025-12-12 12:06:26,192,2.56,67.29,7837.7,0.86,129MB / 146MB,21.4MB / 14MB
2025-12-12 12:06:41,192,5.59,67.3,7837.7,0.86,129MB / 146MB,21.4MB / 14MB
2025-12-12 12:06:57,192,0.42,67.3,7837.7,0.86,130MB / 146MB,21.4MB / 14MB
2025-12-12 12:07:13,193,0.29,67.31,7837.7,0.86,130MB / 146MB,21.4MB / 14MB
2025-12-12 12:07:31,193,5.46,67.31,7837.7,0.86,130MB / 146MB,21.4MB / 14MB
2025-12-12 12:07:46,193,1.09,67.32,7837.7,0.86,130MB / 146MB,21.4MB / 14MB
2025-12-12 12:08:02,193,1.30,67.33,7837.7,0.86,130MB / 147MB,21.4MB / 14MB
2025-12-12 12:08:18,194,1.60,67.34,7837.7,0.86,130MB / 147MB,21.4MB / 14MB
2025-12-12 12:08:33,194,4.99,67.36,7837.7,0.86,131MB / 147MB,21.4MB / 14MB
2025-12-12 12:08:49,194,2.36,67.36,7837.7,0.86,131MB / 147MB,21.4MB / 14MB
2025-12-12 12:09:05,195,3.16,66.8,7837.7,0.85,131MB / 147MB,21.4MB / 14MB
2025-12-12 12:09:21,195,3.32,66.41,7837.7,0.85,131MB / 148MB,21.4MB / 14.1MB
2025-12-12 12:09:38,195,1.73,66.14,7837.7,0.84,131MB / 148MB,21.4MB / 14.1MB
2025-12-12 12:09:53,195,1.67,65.96,7837.7,0.84,131MB / 148MB,21.4MB / 14.1MB
2025-12-12 12:10:09,196,1.12,65.86,7837.7,0.84,132MB / 148MB,21.4MB / 14.2MB
2025-12-12 12:10:24,196,1.72,65.87,7837.7,0.84,132MB / 148MB,21.4MB / 14.2MB
2025-12-12 12:10:40,196,2.21,65.87,7837.7,0.84,132MB / 149MB,21.4MB / 14.3MB
2025-12-12 12:10:55,196,4.24,65.43,7837.7,0.83,132MB / 149MB,21.4MB / 14.5MB
2025-12-12 12:11:11,197,3.08,67.22,7837.7,0.86,132MB / 149MB,21.4MB / 14.5MB
2025-12-12 12:11:26,197,4.58,67.39,7837.7,0.86,133MB / 149MB,21.4MB / 14.5MB
2025-12-12 12:11:41,197,2.86,67.64,7837.7,0.86,133MB / 149MB,21.6MB / 14.5MB
2025-12-12 12:11:57,197,1.75,67.49,7837.7,0.86,133MB / 150MB,21.6MB / 14.7MB
2025-12-12 12:12:13,198,2.27,67.35,7837.7,0.86,133MB / 150MB,21.6MB / 15.3MB
2025-12-12 12:12:28,198,2.52,66.17,7837.7,0.84,133MB / 150MB,21.6MB / 16.3MB
2025-12-12 12:12:43,198,2.92,65.6,7837.7,0.84,134MB / 150MB,21.6MB / 17MB
2025-12-12 12:12:59,198,1.44,64.61,7837.7,0.82,134MB / 151MB,21.6MB / 18.1MB
2025-12-12 12:13:16,199,4.95,63.95,7837.7,0.82,134MB / 151MB,21.6MB / 18.4MB
2025-12-12 12:13:31,199,2.15,63.69,7837.7,0.81,134MB / 151MB,21.6MB / 19.1MB
2025-12-12 12:13:46,199,4.04,62.77,7837.7,0.80,134MB / 151MB,21.6MB / 19.5MB
2025-12-12 12:14:03,199,1.99,60.6,7837.7,0.77,134MB / 151MB,21.6MB / 21.6MB
2025-12-12 12:14:19,200,2.43,60.61,7837.7,0.77,135MB / 152MB,21.6MB / 21.6MB
2025-12-12 12:14:34,200,1.32,60.29,7837.7,0.77,135MB / 152MB,21.6MB / 22.3MB
2025-12-12 12:14:50,200,1.20,57.5,7837.7,0.73,135MB / 152MB,21.6MB / 23.1MB
2025-12-12 12:15:05,201,1.31,57.5,7837.7,0.73,135MB / 152MB,21.6MB / 23.1MB
2025-12-12 12:15:21,201,3.01,57.52,7837.7,0.73,135MB / 152MB,21.6MB / 23.1MB
2025-12-12 12:15:36,201,3.50,57.53,7837.7,0.73,136MB / 153MB,21.6MB / 23.1MB
2025-12-12 12:15:52,201,2.61,57.54,7837.7,0.73,136MB / 153MB,21.6MB / 23.1MB
2025-12-12 12:16:07,202,4.00,57.54,7837.7,0.73,136MB / 153MB,21.6MB / 23.1MB
2025-12-12 12:16:22,202,2.20,57.55,7837.7,0.73,136MB / 153MB,21.6MB / 23.1MB
2025-12-12 12:16:37,202,2.17,57.56,7837.7,0.73,136MB / 154MB,21.6MB / 23.1MB
2025-12-12 12:16:54,202,5.14,57.57,7837.7,0.73,137MB / 154MB,21.6MB / 23.1MB
2025-12-12 12:17:10,203,1.04,57.58,7837.7,0.73,137MB / 154MB,21.6MB / 23.1MB
2025-12-12 12:17:25,203,4.71,57.59,7837.7,0.73,137MB / 154MB,21.6MB / 23.1MB
2025-12-12 12:17:42,203,2.17,57.6,7837.7,0.73,137MB / 154MB,21.6MB / 23.1MB
2025-12-12 12:17:57,203,1.38,57.61,7837.7,0.74,137MB / 155MB,21.6MB / 23.1MB
2025-12-12 12:18:13,204,0.81,57.61,7837.7,0.74,137MB / 155MB,21.6MB / 23.1MB
2025-12-12 12:18:29,204,4.20,57.62,7837.7,0.74,138MB / 155MB,21.6MB / 23.1MB
2025-12-12 12:18:45,204,2.27,57.64,7837.7,0.74,138MB / 155MB,21.6MB / 23.1MB
2025-12-12 12:19:03,204,1.42,57.64,7837.7,0.74,138MB / 155MB,21.6MB / 23.1MB
2025-12-12 12:19:20,205,1.15,57.65,7837.7,0.74,138MB / 156MB,21.6MB / 23.1MB
2025-12-12 12:19:35,205,1.30,57.66,7837.7,0.74,138MB / 156MB,21.6MB / 23.1MB
2025-12-12 12:19:50,205,1.64,57.66,7837.7,0.74,138MB / 156MB,21.6MB / 23.1MB
2025-12-12 12:20:05,206,5.49,57.68,7837.7,0.74,139MB / 156MB,21.6MB / 23.1MB
2025-12-12 12:20:22,206,1.73,57.68,7837.7,0.74,139MB / 156MB,21.6MB / 23.1MB
2025-12-12 12:20:37,206,5.60,57.93,7837.7,0.74,139MB / 157MB,21.6MB / 23.1MB
2025-12-12 12:20:52,206,3.03,57.95,7837.7,0.74,139MB / 157MB,21.6MB / 23.1MB
2025-12-12 12:21:08,207,2.02,57.71,7837.7,0.74,139MB / 157MB,21.6MB / 23.1MB
2025-12-12 12:21:23,207,1.29,57.72,7837.7,0.74,140MB / 157MB,21.6MB / 23.1MB
2025-12-12 12:21:39,207,2.20,57.73,7837.7,0.74,140MB / 158MB,21.6MB / 23.1MB
2025-12-12 12:21:54,207,0.46,57.74,7837.7,0.74,140MB / 158MB,21.6MB / 23.1MB
2025-12-12 12:22:10,208,1.23,57.75,7837.7,0.74,140MB / 158MB,21.6MB / 23.1MB
2025-12-12 12:22:25,208,1.99,57.76,7837.7,0.74,140MB / 158MB,21.6MB / 23.1MB
2025-12-12 12:22:41,208,2.94,57.77,7837.7,0.74,141MB / 158MB,21.6MB / 23.1MB
2025-12-12 12:22:56,208,1.99,57.78,7837.7,0.74,141MB / 159MB,21.6MB / 23.1MB
2025-12-12 12:23:11,209,1.00,57.79,7837.7,0.74,141MB / 159MB,21.6MB / 23.1MB
2025-12-12 12:23:28,209,1.73,57.8,7837.7,0.74,141MB / 159MB,21.6MB / 23.1MB
2025-12-12 12:23:43,209,0.92,57.82,7837.7,0.74,142MB / 159MB,21.6MB / 23.1MB
2025-12-12 12:23:59,209,1.23,57.82,7837.7,0.74,142MB / 160MB,21.6MB / 23.1MB
2025-12-12 12:24:15,210,0.84,57.83,7837.7,0.74,142MB / 160MB,21.6MB / 23.1MB
2025-12-12 12:24:31,210,1.40,57.84,7837.7,0.74,142MB / 160MB,21.6MB / 23.1MB
2025-12-12 12:24:46,210,1.80,57.85,7837.7,0.74,142MB / 160MB,21.6MB / 23.1MB
2025-12-12 12:25:02,210,1.58,57.86,7837.7,0.74,143MB / 161MB,21.6MB / 23.1MB
2025-12-12 12:25:17,211,1.85,57.87,7837.7,0.74,143MB / 161MB,21.6MB / 23.1MB
2025-12-12 12:25:32,211,1.46,57.89,7837.7,0.74,143MB / 161MB,21.6MB / 23.1MB
2025-12-12 12:25:47,211,5.70,57.89,7837.7,0.74,143MB / 161MB,21.6MB / 23.1MB
2025-12-12 12:26:04,212,3.26,57.9,7837.7,0.74,143MB / 161MB,21.6MB / 23.1MB
2025-12-12 12:26:20,212,2.26,57.91,7837.7,0.74,144MB / 162MB,21.6MB / 23.1MB
2025-12-12 12:26:35,212,1.35,57.92,7837.7,0.74,144MB / 162MB,21.6MB / 23.1MB
2025-12-12 12:26:51,212,0.71,57.93,7837.7,0.74,144MB / 162MB,21.6MB / 23.1MB
2025-12-12 12:27:07,213,2.60,57.94,7837.7,0.74,144MB / 162MB,21.6MB / 23.1MB
2025-12-12 12:27:22,213,1.73,57.95,7837.7,0.74,144MB / 163MB,21.6MB / 23.1MB
2025-12-12 12:27:38,213,2.30,57.96,7837.7,0.74,145MB / 163MB,21.6MB / 23.1MB
2025-12-12 12:27:53,213,1.00,57.97,7837.7,0.74,145MB / 163MB,21.6MB / 23.1MB
2025-12-12 12:28:08,214,3.45,57.98,7837.7,0.74,145MB / 163MB,21.6MB / 23.1MB
2025-12-12 12:28:23,214,1.10,57.99,7837.7,0.74,145MB / 164MB,21.6MB / 23.1MB
2025-12-12 12:28:39,214,1.21,58,7837.7,0.74,146MB / 164MB,21.6MB / 23.1MB
2025-12-12 12:28:54,214,2.87,58.02,7837.7,0.74,146MB / 164MB,21.6MB / 23.1MB
2025-12-12 12:29:10,215,2.60,58.02,7837.7,0.74,146MB / 164MB,21.6MB / 23.1MB
2025-12-12 12:29:26,215,4.40,58.03,7837.7,0.74,146MB / 164MB,21.6MB / 23.1MB
2025-12-12 12:29:47,215,6.63,58.03,7837.7,0.74,146MB / 165MB,21.6MB / 23.1MB
2025-12-12 12:30:04,216,7.74,58.04,7837.7,0.74,146MB / 165MB,21.6MB / 23.1MB
2025-12-12 12:30:22,216,1.20,58.04,7837.7,0.74,146MB / 165MB,21.6MB / 23.1MB
2025-12-12 12:30:42,216,4.99,58.04,7837.7,0.74,146MB / 165MB,21.6MB / 23.1MB
2025-12-12 12:31:01,216,2.06,58.05,7837.7,0.74,147MB / 165MB,21.6MB / 23.1MB
2025-12-12 12:31:18,217,0.26,58.05,7837.7,0.74,147MB / 165MB,21.6MB / 23.1MB
2025-12-12 12:31:36,217,1.63,58.06,7837.7,0.74,147MB / 165MB,21.6MB / 23.1MB
2025-12-12 12:31:54,217,0.19,58.07,7837.7,0.74,147MB / 165MB,21.6MB / 23.1MB
2025-12-12 12:32:15,218,4.32,58.07,7837.7,0.74,147MB / 165MB,21.6MB / 23.1MB
2025-12-12 12:32:33,218,2.27,58.07,7837.7,0.74,147MB / 166MB,21.6MB / 23.1MB
2025-12-12 12:32:50,218,4.15,58.08,7837.7,0.74,147MB / 166MB,21.6MB / 23.1MB
2025-12-12 12:33:05,219,1.29,58.08,7837.7,0.74,147MB / 166MB,21.6MB / 23.1MB
2025-12-12 12:33:21,219,2.66,58.09,7837.7,0.74,147MB / 166MB,21.6MB / 23.1MB
2025-12-12 12:33:37,219,0.92,58.1,7837.7,0.74,148MB / 166MB,21.6MB / 23.1MB
2025-12-12 12:33:53,219,2.20,58.11,7837.7,0.74,148MB / 167MB,21.6MB / 23.1MB
2025-12-12 12:34:08,220,1.54,58.12,7837.7,0.74,148MB / 167MB,21.6MB / 23.1MB
2025-12-12 12:34:24,220,1.47,58.13,7837.7,0.74,148MB / 167MB,21.6MB / 23.1MB
2025-12-12 12:34:40,220,2.31,58.14,7837.7,0.74,148MB / 167MB,21.6MB / 23.1MB
2025-12-12 12:34:56,220,4.01,58.14,7837.7,0.74,148MB / 167MB,21.6MB / 23.1MB
2025-12-12 12:35:11,221,2.93,58.15,7837.7,0.74,149MB / 167MB,21.6MB / 23.1MB
2025-12-12 12:35:28,221,2.72,58.16,7837.7,0.74,149MB / 168MB,21.6MB / 23.1MB
2025-12-12 12:35:43,221,1.87,58.17,7837.7,0.74,149MB / 168MB,21.6MB / 23.1MB
2025-12-12 12:35:59,221,1.68,58.18,7837.7,0.74,149MB / 168MB,21.6MB / 23.1MB
2025-12-12 12:36:14,222,2.69,58.19,7837.7,0.74,150MB / 168MB,21.6MB / 23.1MB
2025-12-12 12:36:31,222,7.44,58.2,7837.7,0.74,150MB / 169MB,21.6MB / 23.1MB
2025-12-12 12:36:46,222,1.18,58.21,7837.7,0.74,150MB / 169MB,21.6MB / 23.1MB
2025-12-12 12:37:01,222,1.46,58.22,7837.7,0.74,150MB / 169MB,21.6MB / 23.1MB
2025-12-12 12:37:17,223,1.41,58.23,7837.7,0.74,150MB / 169MB,21.6MB / 23.1MB
2025-12-12 12:37:32,223,3.44,58.24,7837.7,0.74,151MB / 170MB,21.6MB / 23.1MB
2025-12-12 12:37:47,223,1.40,58.25,7837.7,0.74,151MB / 170MB,21.6MB / 23.1MB
2025-12-12 12:38:02,223,4.57,58.26,7837.7,0.74,151MB / 170MB,21.6MB / 23.1MB
2025-12-12 12:38:17,224,0.82,58.27,7837.7,0.74,151MB / 170MB,21.6MB / 23.1MB
2025-12-12 12:38:32,224,0.20,58.29,7837.7,0.74,151MB / 171MB,21.6MB / 23.1MB
2025-12-12 12:38:47,224,1.83,58.29,7837.7,0.74,152MB / 171MB,21.6MB / 23.1MB
2025-12-12 12:39:02,224,3.81,58.3,7837.7,0.74,152MB / 171MB,21.6MB / 23.1MB
2025-12-12 12:39:17,225,1.04,58.31,7837.7,0.74,152MB / 171MB,21.6MB / 23.1MB
2025-12-12 12:39:33,225,1.45,58.32,7837.7,0.74,152MB / 171MB,21.6MB / 23.1MB
2025-12-12 12:39:50,225,4.80,58.33,7837.7,0.74,152MB / 172MB,21.6MB / 23.1MB
2025-12-12 12:40:05,226,4.93,58.34,7837.7,0.74,153MB / 172MB,21.6MB / 23.1MB
2025-12-12 12:40:21,226,1.45,58.34,7837.7,0.74,153MB / 172MB,21.6MB / 23.1MB
2025-12-12 12:40:36,226,0.74,58.36,7837.7,0.74,153MB / 172MB,21.6MB / 23.1MB
2025-12-12 12:40:51,226,2.39,58.37,7837.7,0.74,153MB / 173MB,21.6MB / 23.1MB
2025-12-12 12:41:10,227,2.15,66.1,7837.7,0.84,153MB / 173MB,29.9MB / 23.1MB
2025-12-12 12:41:26,227,1.54,66.11,7837.7,0.84,154MB / 173MB,29.9MB / 23.1MB
2025-12-12 12:41:42,227,1.12,66.12,7837.7,0.84,154MB / 173MB,29.9MB / 23.1MB
2025-12-12 12:41:59,227,1.24,66.13,7837.7,0.84,154MB / 173MB,29.9MB / 23.1MB
2025-12-12 12:42:16,228,1.45,66.14,7837.7,0.84,154MB / 174MB,29.9MB / 23.1MB
2025-12-12 12:42:32,228,1.21,66.15,7837.7,0.84,154MB / 174MB,29.9MB / 23.1MB
2025-12-12 12:42:47,228,2.45,66.16,7837.7,0.84,155MB / 174MB,29.9MB / 23.1MB
2025-12-12 12:43:02,228,2.04,66.17,7837.7,0.84,155MB / 174MB,29.9MB / 23.1MB
2025-12-12 12:43:18,229,2.40,66.18,7837.7,0.84,155MB / 175MB,29.9MB / 23.1MB
2025-12-12 12:43:33,229,1.58,66.19,7837.7,0.84,155MB / 175MB,29.9MB / 23.1MB
2025-12-12 12:43:49,229,2.57,66.2,7837.7,0.84,155MB / 175MB,29.9MB / 23.1MB
2025-12-12 12:44:04,230,2.20,66.21,7837.7,0.84,156MB / 175MB,29.9MB / 23.1MB
2025-12-12 12:44:19,230,1.71,66.22,7837.7,0.84,156MB / 176MB,29.9MB / 23.1MB
2025-12-12 12:44:35,230,2.05,66.24,7837.7,0.85,156MB / 176MB,29.9MB / 23.1MB
2025-12-12 12:44:50,230,4.44,66.24,7837.7,0.85,156MB / 176MB,29.9MB / 23.1MB
2025-12-12 12:45:05,231,1.46,66.26,7837.7,0.85,157MB / 176MB,29.9MB / 23.1MB
2025-12-12 12:45:21,231,1.60,66.27,7837.7,0.85,157MB / 177MB,29.9MB / 23.1MB
2025-12-12 12:45:37,231,1.66,66.28,7837.7,0.85,157MB / 177MB,29.9MB / 23.1MB
2025-12-12 12:45:52,231,1.68,66.29,7837.7,0.85,157MB / 177MB,29.9MB / 23.1MB
2025-12-12 12:46:07,232,1.06,66.3,7837.7,0.85,158MB / 177MB,29.9MB / 23.1MB
2025-12-12 12:46:22,232,0.21,66.31,7837.7,0.85,158MB / 178MB,29.9MB / 23.1MB
2025-12-12 12:46:38,232,0.98,66.32,7837.7,0.85,158MB / 178MB,29.9MB / 23.1MB
2025-12-12 12:46:53,232,1.82,66.33,7837.7,0.85,158MB / 178MB,29.9MB / 23.1MB
2025-12-12 12:47:08,233,0.92,66.34,7837.7,0.85,158MB / 178MB,29.9MB / 23.1MB
2025-12-12 12:47:23,233,1.28,66.35,7837.7,0.85,159MB / 179MB,29.9MB / 23.1MB
2025-12-12 12:47:39,233,1.38,66.36,7837.7,0.85,159MB / 179MB,29.9MB / 23.1MB
2025-12-12 12:47:54,233,2.68,66.38,7837.7,0.85,159MB / 179MB,29.9MB / 23.1MB
2025-12-12 12:48:10,234,1.74,66.39,7837.7,0.85,159MB / 179MB,29.9MB / 23.1MB
2025-12-12 12:48:25,234,1.78,66.4,7837.7,0.85,160MB / 180MB,29.9MB / 23.1MB
2025-12-12 12:48:43,234,8.38,66.4,7837.7,0.85,160MB / 180MB,29.9MB / 23.1MB
2025-12-12 12:48:58,234,2.10,66.42,7837.7,0.85,160MB / 180MB,29.9MB / 23.1MB
2025-12-12 12:49:13,235,1.28,66.42,7837.7,0.85,160MB / 180MB,29.9MB / 23.1MB
2025-12-12 12:49:30,235,1.06,66.43,7837.7,0.85,160MB / 180MB,29.9MB / 23.1MB
2025-12-12 12:49:45,235,1.36,66.44,7837.7,0.85,160MB / 181MB,29.9MB / 23.1MB
2025-12-12 12:50:01,235,1.16,66.45,7837.7,0.85,161MB / 181MB,29.9MB / 23.1MB
2025-12-12 12:50:16,236,1.89,66.46,7837.7,0.85,161MB / 181MB,29.9MB / 23.1MB
2025-12-12 12:50:31,236,3.43,66.47,7837.7,0.85,161MB / 181MB,29.9MB / 23.1MB
2025-12-12 12:50:47,236,1.58,66.49,7837.7,0.85,161MB / 182MB,29.9MB / 23.1MB
2025-12-12 12:51:02,236,1.15,66.49,7837.7,0.85,162MB / 182MB,29.9MB / 23.1MB
2025-12-12 12:51:18,237,1.05,66.5,7837.7,0.85,162MB / 182MB,29.9MB / 23.1MB
2025-12-12 12:51:33,237,1.52,66.52,7837.7,0.85,162MB / 182MB,29.9MB / 23.1MB
2025-12-12 12:51:49,237,1.59,66.4,7837.7,0.85,162MB / 183MB,29.9MB / 23.2MB
2025-12-12 12:52:04,238,1.38,66.92,7837.7,0.85,162MB / 183MB,30.4MB / 23.2MB
2025-12-12 12:52:19,238,1.74,66.72,7837.7,0.85,163MB / 183MB,30.4MB / 23.2MB
2025-12-12 12:52:34,238,1.24,66.34,7837.7,0.85,163MB / 183MB,30.4MB / 23.2MB
2025-12-12 12:52:51,238,1.27,65.27,7837.7,0.83,163MB / 184MB,30.4MB / 23.2MB
2025-12-12 12:53:06,239,1.44,65.32,7837.7,0.83,163MB / 184MB,30.5MB / 23.2MB
2025-12-12 12:53:21,239,3.49,65.33,7837.7,0.83,163MB / 184MB,30.5MB / 23.2MB
2025-12-12 12:53:37,239,3.99,65.34,7837.7,0.83,164MB / 184MB,30.5MB / 23.2MB
2025-12-12 12:53:52,239,0.96,65.35,7837.7,0.83,164MB / 185MB,30.5MB / 23.2MB
2025-12-12 12:54:07,240,1.12,65.59,7837.7,0.84,164MB / 185MB,30.5MB / 23.2MB
